3.19841e-05	6.26283e-06
4.13361e-05	6.31411e-06
9.24484e-05	1.15827e-05
0.000127522	1.5853e-05
0.000152813	9.37944e-06
0.000158741	1.29989e-05
0.000162499	1.85e-05
4.09029e-05	4.96997e-06
9.0427e-05	1.68152e-05
7.47951e-05	1.10977e-05
0.000135356	1.13303e-05
0.000119287	9.69404e-06
6.31072e-06	6.60944e-06
2.35779e-05	9.20078e-06
4.79994e-05	6.95174e-06
6.22482e-05	1.08399e-05
6.76045e-05	5.23837e-06
9.97186e-05	1.89179e-05
9.29841e-05	9.89053e-06
0.000112911	9.91609e-06
0.000120866	6.29052e-06
0.000208121	1.24289e-05
3.96882e-05	9.47646e-06
3.39667e-05	7.92504e-06
0.000152447	1.91935e-05
7.0075e-05	9.13832e-06
0.000174092	1.08673e-05
7.84928e-05	6.98103e-06
0.000130577	9.15584e-06
2.20219e-05	4.75605e-06
3.10101e-05	4.99973e-06
0.000128191	1.07271e-05
8.47962e-05	8.66541e-06
7.26625e-05	9.87723e-06
8.12044e-05	7.6499e-06
0.000134165	9.89973e-06
0.00010325	9.86419e-06
0.00015457	1.06762e-05
0.000130638	9.74057e-06
6.1629e-05	7.78621e-06
1.7051e-05	3.18619e-06
0.000188692	1.12351e-05
0.00017552	1.17225e-05
0.00013954	1.6783e-05
0.000130194	9.96422e-06
0.000119027	7.8462e-06
0.0001085	9.53446e-06
0.000107143	8.35638e-06
7.62325e-05	8.71101e-06
5.80343e-05	7.79541e-06
9.85844e-05	1.16197e-05
8.24556e-05	7.70872e-06
7.27195e-05	5.89857e-06
0.000138714	1.75441e-05
0.000208769	1.45825e-05
0.000161041	7.39492e-06
0.000169567	9.73634e-06
0.000185997	1.3716e-05
9.64562e-05	1.00691e-05
0.000125507	1.36915e-05
0.000174318	1.30418e-05
4.99252e-05	6.89412e-06
6.68685e-05	6.69711e-06
8.46341e-05	1.70282e-05
9.86612e-05	1.16349e-05
0.000156565	1.25522e-05
4.42858e-05	5.70424e-06
8.68286e-05	7.30223e-06
0.000155056	9.50411e-06
0.0001364	1.23494e-05
0.000117628	7.28009e-06
0.000120142	9.19056e-06
0.000108052	9.91735e-06
0.00012601	1.36034e-05
2.07413e-05	4.93075e-06
1.2487e-05	7.46538e-06
0.000188849	1.18854e-05
0.00012239	1.00882e-05
0.000110861	8.40839e-06
9.97227e-05	6.12625e-06
0.000100739	7.23028e-06
7.28389e-05	1.22984e-05
6.79331e-05	7.66672e-06
5.62027e-05	8.98846e-06
5.55861e-05	6.08512e-06
5.40426e-05	4.89966e-06
5.68976e-05	1.05007e-05
0.000180021	9.9733e-06
0.000231512	7.94139e-06
0.000194867	1.05101e-05
0.000220658	1.16575e-05
8.51951e-05	7.83132e-06
0.000162766	1.17682e-05
6.3535e-05	4.9823e-06
1.69967e-05	2.94072e-06
4.39789e-05	6.45312e-06
2.67829e-05	6.71976e-06
0.000200943	1.27721e-05
0.000197353	1.15445e-05
0.000165283	1.14203e-05
0.000160043	1.0938e-05
0.00013281	1.19773e-05
0.000109995	6.62805e-06
9.00544e-05	9.20147e-06
4.46558e-05	5.01845e-06
3.5392e-05	4.6342e-06
3.04733e-05	4.8722e-06
0.000154602	1.30001e-05
7.8733e-05	5.17836e-06
4.82344e-05	4.96098e-06
7.84011e-05	8.82115e-06
0.000106506	9.73836e-06
0.000106669	9.18982e-06
0.000186148	9.03556e-06
3.41179e-05	9.1745e-06
3.1627e-05	5.55223e-06
3.46012e-05	4.02372e-06
9.56849e-05	6.80091e-06
8.12185e-05	7.12695e-06
0.000148989	1.24658e-05
0.00017897	1.64108e-05
4.47596e-05	1.99167e-05
8.13599e-06	8.25552e-06
5.64664e-05	1.24028e-05
0.000114139	7.93107e-06
0.00012951	1.67039e-05
0.00013072	9.9477e-06
0.00019932	1.84144e-05
0.000118657	9.09935e-06
1.78603e-05	5.73622e-06
5.2528e-05	8.99986e-06
0.000137022	9.39112e-06
0.000118652	9.98438e-06
9.7578e-05	1.78178e-05
0.000111892	8.06993e-06
9.99118e-05	9.04761e-06
0.000101072	8.95122e-06
9.58453e-05	5.49273e-06
8.33816e-05	1.14665e-05
7.84165e-05	1.1665e-05
7.56944e-05	1.24256e-05
7.45589e-05	6.8737e-06
4.64808e-05	9.85447e-06
4.5313e-05	7.97126e-06
0.000105449	8.84696e-06
8.84433e-05	4.56074e-06
9.24284e-05	1.1927e-05
0.000189448	1.13799e-05
0.000141648	9.98895e-06
6.05808e-05	8.18951e-06
0.000186761	1.07044e-05
3.35185e-05	5.65527e-06
2.97405e-05	4.38581e-06
0.000203567	1.4591e-05
0.000215127	1.28326e-05
0.000172185	1.39545e-05
0.000161842	1.19446e-05
0.000150647	4.90591e-06
0.000134791	8.49799e-06
0.000122701	7.02515e-06
0.000110606	1.01921e-05
9.04024e-05	6.3531e-06
2.78767e-05	3.41262e-06
8.81885e-05	6.8781e-06
5.56786e-05	6.97242e-06
7.23024e-05	5.88059e-06
0.00014366	1.58086e-05
7.31219e-05	1.18649e-05
8.27376e-05	7.58216e-06
6.17764e-05	6.60582e-06
7.06753e-05	5.67234e-06
4.18736e-06	4.7443e-06
1.57401e-05	8.85574e-06
4.15627e-05	6.1619e-06
5.00176e-05	9.87924e-06
5.74907e-05	7.08819e-06
6.52887e-05	1.53402e-05
6.84867e-05	1.06234e-05
7.38986e-05	8.81297e-06
9.58739e-05	7.61756e-06
0.000118949	1.42448e-05
0.000157731	1.67814e-05
0.000145539	1.00972e-05
0.000173596	1.54505e-05
5.18197e-05	7.29815e-06
2.73133e-05	5.15493e-06
4.24362e-05	8.26319e-06
6.16528e-05	1.03609e-05
9.15712e-05	1.20748e-05
0.000113185	6.01086e-06
0.000113762	5.23642e-06
6.17686e-05	6.55292e-06
0.000115738	9.82737e-06
6.07178e-05	6.30639e-06
6.62169e-05	3.88007e-06
8.69931e-05	8.9455e-06
9.08365e-05	1.50115e-05
9.58066e-05	8.92463e-06
0.000119009	1.26799e-05
0.000159511	6.45952e-06
0.000207617	1.45986e-05
8.87219e-05	1.37177e-05
4.95505e-05	7.32949e-06
5.81862e-05	8.33698e-06
6.30737e-05	9.26616e-06
0.000108481	7.80864e-06
5.20502e-05	1.18975e-05
3.62091e-05	5.3447e-06
0.000209596	1.43012e-05
0.000125627	1.33303e-05
0.00012269	1.14637e-05
8.03085e-05	7.30777e-06
4.29269e-05	9.25206e-06
2.45633e-05	5.63143e-06
0.000115372	1.45054e-05
0.000142186	5.84865e-06
0.000138101	5.7681e-06
2.28886e-05	7.74848e-06
2.61122e-05	5.00254e-06
3.76948e-05	5.20455e-06
0.000152998	1.30929e-05
0.000124463	8.05376e-06
0.000112489	1.76349e-05
0.000102924	9.58553e-06
6.70128e-05	5.37887e-06
5.65431e-05	7.89534e-06
4.8109e-05	8.94663e-06
6.4684e-05	1.23909e-05
0.000113738	1.97214e-05
0.00010532	6.28082e-06
6.9517e-05	7.93515e-06
7.46107e-05	1.09889e-05
8.81363e-05	6.13078e-06
0.00010881	1.61331e-05
9.28292e-05	4.59167e-06
9.48786e-05	1.42136e-05
0.000133984	1.19949e-05
0.000142186	4.59656e-06
0.000175929	1.18276e-05
0.000185412	1.12442e-05
5.17356e-05	1.127e-05
9.75418e-05	1.74781e-05
6.34996e-05	6.42349e-06
0.000136724	8.10528e-06
0.000123748	1.0557e-05
6.25822e-05	5.79912e-06
0.000105997	1.07058e-05
0.000162006	1.07496e-05
7.61249e-05	5.76491e-06
0.000117725	8.03614e-06
7.16315e-05	5.09392e-06
0.000175885	1.61426e-05
1.15046e-05	5.20859e-06
4.58308e-05	7.21802e-06
7.93362e-05	1.05847e-05
9.75381e-05	7.34351e-06
0.000110333	6.52933e-06
0.000109735	7.05146e-06
0.000115472	7.09807e-06
0.000143546	1.26765e-05
0.000235328	1.8891e-05
4.56497e-05	4.76617e-06
6.34129e-05	9.77568e-06
0.000101139	1.06899e-05
0.000143148	1.69313e-05
1.4139e-05	3.7312e-06
3.28776e-05	6.28276e-06
0.000165163	1.22516e-05
9.58454e-05	3.77869e-06
9.19734e-05	9.00902e-06
5.51145e-05	7.45162e-06
9.68745e-05	5.40878e-06
8.01511e-05	8.93817e-06
0.000295678	1.15489e-05
8.15718e-05	1.20707e-05
6.86282e-05	4.3548e-06
2.35473e-05	5.81613e-06
5.37554e-05	7.57074e-06
0.000176323	1.58315e-05
0.00018105	8.87349e-06
0.00016788	1.19356e-05
0.000122465	1.38193e-05
0.000118556	1.31353e-05
8.28138e-05	8.25177e-06
0.000132889	1.28619e-05
0.000133502	1.08665e-05
0.000113185	9.79028e-06
0.000110514	7.7815e-06
3.94929e-06	7.95311e-06
4.66458e-05	5.93836e-06
5.57851e-05	1.69784e-05
7.84768e-05	9.93059e-06
0.000160226	1.18679e-05
0.000211857	1.28273e-05
4.46056e-05	6.77822e-06
8.98403e-05	1.34726e-05
0.000128537	8.62936e-06
8.45837e-05	8.72545e-06
6.0333e-05	8.91731e-06
2.72903e-05	4.25204e-06
6.29265e-05	1.51901e-05
0.000114661	8.02165e-06
0.000155323	1.63877e-05
8.11987e-05	8.57071e-06
1.5244e-05	6.89792e-06
1.02083e-05	5.32839e-06
1.00222e-05	2.95667e-06
0.000147908	1.06629e-05
8.12691e-05	7.3031e-06
7.09352e-05	8.11089e-06
5.46919e-05	4.33485e-06
4.80258e-05	9.60078e-06
4.70288e-05	7.50991e-06
3.42824e-05	3.01156e-06
0.000118677	1.0466e-05
0.000105309	6.80825e-06
9.68334e-05	8.3535e-06
8.61722e-05	1.23603e-05
6.13529e-05	6.18041e-06
4.18715e-05	5.67585e-06
5.85632e-05	1.50994e-05
3.01264e-05	4.37331e-06
0.000113552	1.00213e-05
0.00011842	7.75403e-06
1.8812e-05	2.9055e-06
4.97288e-05	5.22674e-06
6.97533e-05	8.99807e-06
7.17036e-05	7.91976e-06
7.89735e-05	1.02277e-05
9.05666e-05	1.14219e-05
9.91568e-05	1.37579e-05
0.000108482	1.08474e-05
0.000119668	7.29452e-06
0.000156305	1.34353e-05
0.000180546	8.61653e-06
4.43043e-05	7.25116e-06
3.7012e-05	4.41625e-06
6.69136e-05	7.07525e-06
0.000146811	9.95336e-06
0.000183569	7.00662e-06
0.000184827	9.99841e-06
6.18387e-05	7.76476e-06
0.000105651	7.74179e-06
5.33585e-05	4.89614e-06
0.000112048	6.51999e-06
4.47374e-05	5.44571e-06
5.49198e-05	6.29772e-06
8.80403e-05	1.08014e-05
3.69925e-05	7.04323e-06
0.000153237	1.34553e-05
7.547e-05	9.48593e-06
0.000188727	7.16135e-06
6.28939e-05	7.78112e-06
0.000115509	8.68601e-06
0.000165567	1.55101e-05
3.89798e-05	1.29091e-05
3.81729e-05	5.8081e-06
3.40183e-05	4.91412e-06
1.89665e-05	9.4658e-06
0.000141536	1.31738e-05
0.000117273	6.6964e-06
0.000104942	7.29694e-06
8.58878e-05	7.95168e-06
7.63769e-05	8.60787e-06
7.31193e-05	7.93473e-06
6.47435e-05	9.00108e-06
6.00898e-05	6.60131e-06
4.28361e-05	5.71289e-06
4.21201e-05	8.17199e-06
4.64149e-05	6.25752e-06
5.40432e-05	7.85961e-06
9.88988e-05	4.89699e-06
0.000101635	7.35015e-06
8.27927e-05	6.18342e-06
0.000138102	6.62195e-06
0.000117043	7.47502e-06
0.000124544	5.35505e-06
9.62837e-06	6.50865e-06
3.07196e-05	6.77886e-06
2.65952e-05	6.46208e-06
0.000120214	1.18646e-05
0.000215634	1.46012e-05
0.000188525	1.45847e-05
7.61378e-05	4.11005e-06
8.61573e-05	9.6159e-06
0.000124544	6.83094e-06
0.000139907	1.47855e-05
0.000166396	1.04209e-05
0.000170833	1.11547e-05
0.000175742	1.10612e-05
7.13422e-05	7.86505e-06
0.000124019	1.50126e-05
0.000154403	1.53507e-05
0.000159893	1.17122e-05
0.000104502	9.96419e-06
0.000134977	1.1173e-05
3.66249e-05	4.80889e-06
6.66772e-05	5.98861e-06
9.63265e-05	1.50493e-05
0.000140582	1.38036e-05
0.000153381	1.93611e-05
8.80868e-05	1.04197e-05
0.000170667	9.14343e-06
7.30725e-05	1.17461e-05
0.000111483	8.755e-06
0.000115903	1.42775e-05
0.000142186	6.96312e-06
0.000138056	7.34288e-06
0.00012618	1.04675e-05
0.000124712	8.56245e-06
3.23167e-05	5.70067e-06
4.06927e-05	5.90271e-06
4.80211e-05	4.69948e-06
9.64626e-05	1.18268e-05
0.000130248	1.20755e-05
8.21372e-05	7.85759e-06
0.000152701	1.08129e-05
0.000119049	5.6426e-06
0.000141177	8.8765e-06
6.60434e-05	8.79237e-06
0.000184311	1.40119e-05
0.000165128	1.77645e-05
0.000164451	1.14786e-05
0.000141996	1.03602e-05
0.000130213	5.66321e-06
0.000123318	7.78207e-06
0.000111204	1.46038e-05
0.000111071	7.366e-06
0.000114165	9.18693e-06
4.31451e-05	4.34335e-06
0.00019885	1.59914e-05
0.000120447	1.52322e-05
0.000134111	5.82452e-06
0.000111116	9.27766e-06
1.51635e-05	4.53055e-06
0.000118646	1.06415e-05
0.000123717	8.26112e-06
0.000130213	4.52394e-06
0.000142953	1.04998e-05
0.000152802	1.42732e-05
0.000159786	1.04551e-05
0.000171777	1.22199e-05
0.000173592	1.10848e-05
0.000175349	1.19739e-05
0.000194262	1.41137e-05
2.82819e-05	9.85058e-06
3.31553e-05	6.87321e-06
5.22296e-05	5.89195e-06
0.000162948	1.54536e-05
0.000124472	1.24583e-05
0.000168545	1.19318e-05
0.000146983	1.07331e-05
2.50057e-05	4.84934e-06
7.23246e-05	5.10004e-06
0.000178128	1.42054e-05
0.000107064	1.7018e-05
6.3899e-05	5.96545e-06
0.00013995	1.1774e-05
0.000211534	1.35451e-05
6.98507e-05	5.08327e-06
3.19105e-05	4.14686e-06
0.00011715	1.46907e-05
9.66298e-05	7.38405e-06
8.07471e-05	7.79001e-06
9.0622e-05	1.192e-05
7.47177e-05	8.8792e-06
2.50999e-05	4.41892e-06
9.28292e-05	5.31149e-06
8.98518e-05	4.84616e-06
0.000162882	1.49084e-05
9.89327e-05	5.65657e-06
0.000155053	8.0169e-06
9.92959e-05	7.33626e-06
0.000175249	7.68387e-06
0.000124061	1.04316e-05
4.56659e-05	4.20912e-06
4.73279e-05	5.78612e-06
9.20173e-05	8.38111e-06
5.96101e-05	9.38669e-06
5.9742e-06	8.12607e-06
1.73722e-05	5.35549e-06
3.12156e-05	8.74833e-06
2.42601e-05	3.09276e-06
3.26752e-05	8.29251e-06
3.3029e-05	5.05991e-06
3.88355e-05	1.01709e-05
5.72136e-05	5.90865e-06
9.05475e-05	9.6705e-06
0.000135011	1.15026e-05
0.000145224	1.44565e-05
0.000152399	8.47442e-06
0.000202415	1.2232e-05
4.18902e-05	1.31609e-05
4.87995e-05	5.95896e-06
7.72978e-05	1.03748e-05
0.000195533	1.45956e-05
0.000136062	1.25774e-05
0.000148762	9.16975e-06
0.000159511	6.85651e-06
3.86252e-06	1.11516e-05
1.23552e-05	7.48843e-06
1.63639e-05	3.61011e-06
2.67073e-05	4.86608e-06
3.96856e-05	5.1294e-06
6.54364e-05	1.40521e-05
9.28525e-05	6.76254e-06
0.000102093	5.45605e-06
0.000111619	1.26463e-05
0.00012012	8.59987e-06
0.000127053	7.56947e-06
3.79032e-05	8.4759e-06
0.000142359	1.50816e-05
0.000118435	7.81901e-06
0.000104277	9.88847e-06
0.000232899	1.42154e-05
7.93466e-05	1.1643e-05
0.000251965	1.24078e-05
0.000140144	7.45799e-06
0.000133071	8.7724e-06
0.000104238	1.23798e-05
9.31178e-05	7.89011e-06
4.02478e-05	6.7164e-06
3.82729e-05	3.4146e-06
0.000115624	1.10092e-05
8.9421e-05	1.10866e-05
2.85231e-05	6.64385e-06
0.000151703	9.9403e-06
0.000126868	1.93572e-05
0.000151358	1.08086e-05
0.000188005	1.23968e-05
0.000184624	9.65414e-06
1.2566e-05	3.65256e-06
1.02311e-05	5.48894e-06
6.03972e-05	1.32059e-05
4.34057e-05	5.33957e-06
3.13585e-05	5.72427e-06
0.000172825	9.78892e-06
9.50421e-05	1.64295e-05
9.54942e-05	1.06775e-05
6.86282e-05	3.10274e-06
4.7781e-05	5.26241e-06
0.000183833	1.21824e-05
8.50329e-06	6.01275e-06
3.84475e-05	3.10088e-06
4.02723e-05	7.02974e-06
9.09592e-05	1.83313e-05
0.000102842	7.85878e-06
0.000113824	8.71739e-06
0.000140967	1.2635e-05
4.47583e-05	6.20707e-06
8.00925e-05	7.58503e-06
9.93092e-05	8.75664e-06
0.000157256	1.101e-05
7.87754e-05	5.39218e-06
0.000108626	9.27246e-06
9.50357e-05	8.61821e-06
6.3987e-05	8.57002e-06
2.27612e-05	6.52059e-06
2.26145e-05	4.61708e-06
2.30582e-05	4.55472e-06
2.99757e-05	5.35873e-06
2.49367e-05	5.33057e-06
0.000100513	6.79073e-06
0.000117183	1.12392e-05
0.000143206	1.34662e-05
2.69034e-05	8.62386e-06
3.50792e-05	6.93366e-06
5.70906e-05	7.93435e-06
0.000256696	1.70429e-05
0.000221738	1.35451e-05
0.000125164	6.44272e-06
0.000134927	7.84135e-06
1.61937e-05	5.32254e-06
7.76315e-05	6.46917e-06
5.30026e-05	3.301e-06
3.3547e-05	3.7984e-06
3.51475e-05	7.90584e-06
4.39554e-05	6.15286e-06
9.94444e-05	8.89302e-06
7.63871e-05	6.96107e-06
0.000112214	1.40128e-05
0.000197562	1.09074e-05
2.91675e-05	6.00879e-06
1.46366e-05	5.01779e-06
1.90097e-05	4.56238e-06
9.84322e-06	2.33479e-06
8.05536e-06	2.28464e-06
0.000176358	1.44759e-05
0.000105203	1.19391e-05
8.42104e-05	8.8785e-06
6.80947e-05	6.47983e-06
0.000201254	1.0422e-05
8.98826e-05	3.65778e-06
0.000142218	6.8555e-06
3.8067e-05	1.16409e-05
4.26784e-05	5.82946e-06
5.20235e-05	1.02463e-05
5.5806e-05	4.0261e-06
6.467e-05	1.00249e-05
0.000143448	1.02834e-05
2.89133e-05	5.09841e-06
6.14986e-05	9.95594e-06
0.000154054	1.06607e-05
0.000181075	1.48238e-05
0.00018189	7.67492e-06
6.54417e-05	5.39197e-06
8.25402e-05	7.84233e-06
5.93795e-05	5.01971e-06
5.46876e-05	8.42196e-06
8.54973e-05	8.02685e-06
0.000108177	1.53605e-05
0.000103276	1.5935e-05
0.000193626	1.70585e-05
6.73785e-05	7.14053e-06
6.25836e-05	7.74817e-06
8.55978e-05	4.42404e-06
2.67751e-05	4.87002e-06
3.44371e-05	4.84256e-06
3.26833e-05	6.96438e-06
3.21206e-05	3.27207e-06
2.68867e-05	6.57416e-06
2.38786e-05	6.18195e-06
0.000159848	1.11965e-05
0.000136022	1.1407e-05
0.000109651	1.63599e-05
0.000100513	6.13218e-06
8.44949e-05	1.07559e-05
7.8168e-05	9.53451e-06
8.20896e-05	6.97796e-06
0.000143231	7.69817e-06
5.95005e-05	1.04975e-05
0.000225368	9.31505e-06
0.000139002	1.83691e-05
8.36592e-05	1.50249e-05
8.93863e-05	6.94861e-06
3.73196e-05	1.03777e-05
0.000218276	1.89989e-05
0.000173603	1.1838e-05
0.000119007	6.81041e-06
0.000220054	1.22619e-05
0.000135022	1.13902e-05
0.000169503	9.86839e-06
2.09498e-05	4.1491e-06
5.26405e-05	1.22927e-05
9.6572e-05	1.53353e-05
0.000101476	6.64397e-06
0.000187584	1.45791e-05
6.91921e-05	7.85387e-06
5.76884e-05	7.01651e-06
0.000183569	7.03985e-06
2.55772e-05	4.40385e-06
9.8297e-05	1.0404e-05
9.83535e-05	7.77686e-06
0.000134142	8.54192e-06
0.000135285	1.11557e-05
8.60928e-05	1.36486e-05
5.43494e-05	6.28232e-06
0.000112377	1.31079e-05
0.000115112	9.31262e-06
9.99875e-05	1.12707e-05
2.48071e-05	3.07535e-06
0.000155613	8.92162e-06
0.000129411	1.04138e-05
0.000129859	1.19439e-05
0.000118405	1.78168e-05
8.94145e-05	8.95524e-06
8.77299e-05	9.30113e-06
0.000118106	1.16464e-05
9.64815e-05	1.2374e-05
6.84271e-05	7.26283e-06
8.00624e-05	7.52709e-06
0.000148327	1.22752e-05
0.000105291	4.98234e-06
7.41909e-05	5.10214e-06
4.98619e-05	5.30986e-06
6.69769e-05	8.21221e-06
9.28524e-05	5.2767e-06
9.43608e-05	6.72174e-06
0.000109618	7.81111e-06
0.00011201	6.60678e-06
6.69231e-05	7.85652e-06
1.88654e-05	4.54603e-06
3.44798e-05	1.05125e-05
5.03724e-05	1.13392e-05
0.000116757	9.6355e-06
0.000137616	1.56833e-05
0.000125618	1.09496e-05
3.30932e-05	8.8473e-06
0.000112054	7.10343e-06
0.000116674	7.84263e-06
0.000123657	8.21234e-06
0.000178474	1.29461e-05
5.97759e-05	1.24967e-05
7.12146e-05	7.29225e-06
0.000122567	1.07286e-05
0.000134697	1.25609e-05
0.000103035	9.4732e-06
8.71673e-05	8.08933e-06
7.84193e-05	1.02871e-05
0.000100159	1.03919e-05
0.000119793	7.28334e-06
0.000125022	1.69926e-05
0.000191492	1.42662e-05
0.000181512	1.75922e-05
0.00011379	7.69925e-06
9.72226e-05	1.21064e-05
9.76978e-05	6.49649e-06
6.32993e-05	1.43776e-05
8.81177e-05	1.04048e-05
7.85673e-05	9.73511e-06
0.000113763	6.66307e-06
8.61185e-05	7.30569e-06
0.0001435	1.39573e-05
0.000108661	6.826e-06
9.20609e-05	8.31696e-06
0.000124063	1.38688e-05
7.89768e-05	8.69295e-06
0.000145415	9.71371e-06
4.87362e-05	6.24537e-06
5.03568e-05	3.74662e-06
4.50884e-05	7.98477e-06
0.000257572	1.09515e-05
0.000185008	1.07721e-05
0.00012558	1.49364e-05
0.000106917	8.66946e-06
6.48394e-05	5.24609e-06
7.54367e-05	7.87089e-06
0.000119032	7.94222e-06
0.000141706	9.82005e-06
0.00012921	1.34319e-05
0.000191037	1.32357e-05
0.000141165	7.16874e-06
5.26345e-05	1.10918e-05
8.06287e-05	9.70298e-06
8.78998e-05	1.13755e-05
8.69848e-05	5.40866e-06
9.43655e-05	7.78083e-06
9.43373e-05	4.61907e-06
0.00012454	1.73549e-05
0.000142186	6.05714e-06
0.000148157	1.66385e-05
0.000153275	8.54444e-06
0.000172336	1.41671e-05
0.000166146	1.09746e-05
0.000187055	1.58636e-05
0.000216445	1.08166e-05
0.000172829	1.06166e-05
8.73521e-05	7.21813e-06
0.000178476	7.82198e-06
0.000125637	9.14388e-06
8.84433e-05	4.50885e-06
9.76772e-05	9.49206e-06
7.14999e-05	5.60012e-06
4.71405e-06	2.56048e-06
4.97733e-05	7.78258e-06
6.51767e-05	9.43643e-06
0.000134111	7.29846e-06
0.000103496	9.62459e-06
0.000151085	1.33535e-05
8.05339e-05	6.26002e-06
0.000130274	1.56197e-05
7.74722e-05	9.91115e-06
0.000150597	8.3859e-06
0.000109086	7.84794e-06
5.30398e-05	1.04907e-05
0.000197542	1.18242e-05
0.000163493	1.08789e-05
0.000135788	1.83547e-05
0.00012657	1.12459e-05
0.000124916	7.20233e-06
4.2343e-05	8.49354e-06
4.61641e-05	5.86355e-06
3.93846e-05	8.0971e-06
4.86831e-05	4.20693e-06
0.000193117	1.75404e-05
8.87452e-05	1.24884e-05
0.000109818	9.05203e-06
6.80144e-05	1.014e-05
0.000157233	1.16167e-05
0.000112007	1.70463e-05
0.000159497	8.8408e-06
0.00014358	6.90326e-06
0.000137182	1.12665e-05
5.27168e-05	6.23495e-06
4.98478e-05	4.9662e-06
7.15853e-05	5.38534e-06
7.65486e-05	5.93165e-06
2.78986e-05	5.82505e-06
4.98692e-05	6.53661e-06
0.000107105	1.98449e-05
0.000104634	1.26063e-05
0.000138054	8.61027e-06
0.000141388	1.42018e-05
0.00016115	1.02629e-05
0.000178739	1.43222e-05
0.000184998	1.27554e-05
4.43069e-05	6.06662e-06
0.000123794	1.55845e-05
0.000165606	1.50328e-05
0.000192948	1.88676e-05
0.00010168	9.32515e-06
0.000134938	9.72161e-06
0.000168767	1.18899e-05
0.000117195	8.46318e-06
0.000107667	1.02035e-05
1.91189e-05	7.13778e-06
1.9688e-05	4.11659e-06
2.15192e-05	8.88415e-06
3.09317e-05	5.40837e-06
6.34891e-05	9.48826e-06
7.18895e-05	6.64317e-06
9.1407e-05	1.41449e-05
8.35708e-05	9.0555e-06
9.14575e-05	7.90771e-06
0.000105231	7.18559e-06
0.0001276	1.13438e-05
0.000140834	1.5736e-05
3.79402e-05	1.16272e-05
2.72223e-05	3.90075e-06
0.000147166	1.21729e-05
0.000122705	6.93824e-06
8.00652e-05	1.31323e-05
0.000122683	5.49856e-06
8.22486e-05	1.36458e-05
6.3906e-05	4.36507e-06
6.74339e-05	4.83331e-06
6.43118e-05	1.08534e-05
7.74489e-05	5.31755e-06
0.000108015	8.27159e-06
0.000159773	1.82981e-05
0.000168799	7.15428e-06
0.000147123	1.22019e-05
0.000146775	1.08324e-05
0.000107478	1.94783e-05
0.000100861	1.72627e-05
8.20811e-05	1.26639e-05
7.1305e-05	6.64663e-06
6.73023e-05	6.95265e-06
8.70039e-05	4.15325e-06
5.93525e-05	5.10041e-06
0.000152407	1.13317e-05
5.58856e-05	5.90396e-06
0.000110236	1.28382e-05
5.04184e-05	6.54899e-06
4.65622e-05	4.27696e-06
0.000101461	6.44742e-06
6.43428e-05	7.24672e-06
6.32847e-05	8.28951e-06
5.42249e-05	5.84654e-06
3.47237e-05	5.56998e-06
2.64309e-05	6.438e-06
4.61042e-05	4.00422e-06
4.96681e-05	3.80481e-06
9.58454e-05	5.88492e-06
6.24329e-05	7.20963e-06
7.84758e-05	8.34556e-06
0.000182476	1.11029e-05
0.000178569	9.9364e-06
3.39063e-05	5.42262e-06
4.42367e-05	7.43993e-06
6.33507e-05	1.19084e-05
6.86197e-05	6.09061e-06
8.42402e-05	6.70437e-06
8.82935e-05	7.09019e-06
0.000110725	8.34669e-06
0.000135933	1.46015e-05
0.00012124	1.23263e-05
0.00013017	7.1825e-06
0.00017632	1.06473e-05
0.000197249	9.01494e-06
5.11232e-05	7.0669e-06
4.90865e-05	3.59682e-06
9.9774e-05	8.52743e-06
0.000152759	1.32769e-05
0.000135377	1.02238e-05
8.24246e-05	1.53833e-05
5.09919e-05	3.24166e-06
0.000173949	1.648e-05
0.000239391	1.03729e-05
6.03596e-06	7.7326e-06
5.86715e-05	7.27551e-06
0.000161883	1.50139e-05
0.000230022	1.56056e-05
0.000128444	1.28128e-05
0.000112738	6.93976e-06
0.000144277	7.73062e-06
0.000148089	1.59901e-05
7.86942e-05	6.36365e-06
5.01361e-05	7.67766e-06
4.44808e-05	7.67294e-06
3.86972e-05	8.52925e-06
0.000172251	1.2122e-05
0.000105701	1.13184e-05
0.000105328	5.06326e-06
7.35089e-05	7.87083e-06
3.37911e-05	5.20774e-06
6.85829e-05	8.73291e-06
0.000122394	1.03099e-05
8.34615e-05	1.24011e-05
0.000209188	9.31938e-06
9.35711e-06	4.68397e-06
2.68495e-05	6.48515e-06
4.71554e-05	7.48659e-06
0.000215405	1.47215e-05
0.000170102	1.4614e-05
0.000139564	9.30956e-06
0.000121869	1.38404e-05
0.000108586	1.26599e-05
0.000104227	1.12025e-05
6.91936e-05	7.06224e-06
5.82839e-05	1.34091e-05
2.73114e-05	3.04444e-06
5.34768e-05	6.15861e-06
8.02063e-05	1.05168e-05
4.89646e-05	5.63211e-06
7.23246e-05	4.00688e-06
7.8958e-05	7.59243e-06
9.84759e-05	8.0382e-06
0.000154362	1.16508e-05
0.000165985	1.59447e-05
0.000113579	1.38795e-05
0.000174556	1.32218e-05
9.91708e-05	9.55909e-06
9.89026e-05	5.55954e-06
0.000109133	7.35743e-06
0.000148642	1.05868e-05
0.000210637	9.77191e-06
0.000113895	1.50341e-05
9.58139e-05	6.23793e-06
0.000106399	7.25282e-06
0.000199453	1.00455e-05
0.000134111	6.67183e-06
8.40488e-05	9.52505e-06
0.00020745	1.67777e-05
0.000161408	1.23138e-05
0.000158475	1.2575e-05
7.81166e-05	1.41363e-05
0.000173551	9.13266e-06
9.57703e-05	6.55474e-06
0.000126404	7.0654e-06
9.88988e-05	4.85634e-06
0.000212794	1.16883e-05
0.00015117	1.05502e-05
0.000146367	4.85577e-06
0.000113763	6.96916e-06
0.000105313	7.76597e-06
5.41561e-05	5.41222e-06
0.000108639	5.14624e-06
1.215e-05	7.28482e-06
4.71497e-05	5.30587e-06
5.30208e-05	3.32434e-06
0.00011199	5.20815e-06
0.00011546	7.23081e-06
0.000139311	1.19224e-05
5.63452e-05	1.052e-05
5.06813e-05	5.78593e-06
6.8993e-05	8.40387e-06
0.000110436	1.32642e-05
9.53729e-05	1.47776e-05
1.68159e-05	6.06068e-06
7.96017e-05	8.30648e-06
0.000123748	1.68996e-05
0.000148183	1.17358e-05
0.00016645	8.07655e-06
4.85403e-05	8.2698e-06
4.2111e-05	9.06837e-06
0.000110869	1.42815e-05
0.000141739	1.06135e-05
7.84529e-05	1.22635e-05
0.000136054	1.64756e-05
9.84739e-05	9.96865e-06
1.40807e-05	5.46921e-06
9.03614e-05	8.4631e-06
9.06148e-05	7.85572e-06
6.2169e-05	6.40893e-06
5.42822e-05	8.03252e-06
0.000121916	7.25656e-06
0.000118738	9.51046e-06
0.000123093	1.113e-05
0.000135227	1.20217e-05
0.000110333	6.21338e-06
2.60838e-05	8.89344e-06
4.88182e-05	7.15484e-06
0.000218236	1.6034e-05
0.000178759	1.30301e-05
0.000139358	1.52446e-05
8.12787e-05	1.08514e-05
8.69741e-05	5.14733e-06
8.25427e-05	6.49197e-06
7.32696e-05	9.91548e-06
7.40757e-05	7.44863e-06
5.88729e-05	8.16875e-06
3.28073e-05	2.86506e-06
9.58632e-05	7.53044e-06
7.10732e-05	3.77521e-06
0.000110873	1.16429e-05
9.28009e-05	5.33613e-06
0.000112041	7.41096e-06
9.92062e-05	8.05274e-06
3.22157e-05	5.31291e-06
6.34082e-05	6.07401e-06
7.60638e-05	8.19252e-06
7.62562e-05	9.7388e-06
7.87676e-05	1.00814e-05
9.09497e-05	1.05765e-05
0.000145466	1.11976e-05
0.000150595	6.23379e-06
2.87577e-05	4.54909e-06
3.26311e-05	3.51184e-06
3.11116e-05	4.36985e-06
3.54782e-05	5.64646e-06
4.27046e-05	5.48383e-06
5.56535e-05	7.82749e-06
5.60174e-05	8.82893e-06
6.307e-05	7.8888e-06
7.18298e-05	1.44823e-05
7.19489e-05	8.10935e-06
8.4767e-05	6.09114e-06
0.00010968	1.45347e-05
0.000110312	6.78584e-06
0.000151554	1.07923e-05
2.72994e-05	5.86326e-06
4.3788e-05	7.09314e-06
7.02506e-05	9.69739e-06
0.000126404	5.39403e-06
8.84363e-05	7.73704e-06
5.30026e-05	4.24397e-06
6.97294e-05	9.93993e-06
0.000123923	9.15755e-06
0.000143667	1.25693e-05
1.84957e-05	5.31026e-06
4.94466e-05	6.00369e-06
3.27466e-05	7.80433e-06
2.71407e-05	4.64309e-06
0.000177187	1.96163e-05
0.000172043	9.91904e-06
0.000164975	1.0553e-05
0.00013443	1.041e-05
0.000140107	8.84399e-06
0.000124544	7.84059e-06
9.64631e-05	1.02277e-05
9.54247e-05	6.72227e-06
9.56131e-05	8.76856e-06
8.92504e-05	9.90221e-06
8.60665e-05	5.15296e-06
7.74488e-05	5.16899e-06
6.09333e-05	6.72262e-06
8.26116e-05	1.04427e-05
5.75077e-05	5.54465e-06
0.000119049	4.27723e-06
9.15044e-05	6.98303e-06
7.86995e-05	5.0729e-06
7.1227e-05	8.84583e-06
6.6151e-05	7.34612e-06
0.000173646	7.69998e-06
0.000106623	8.16275e-06
0.000181493	1.50707e-05
8.42464e-05	7.82899e-06
0.00017853	5.4946e-06
0.000121942	8.64193e-06
4.22754e-05	1.06636e-05
0.000192871	1.40476e-05
0.000171241	9.59584e-06
0.000141489	1.36423e-05
0.000110765	1.24336e-05
0.000119309	1.00414e-05
9.48657e-05	1.19392e-05
8.31575e-05	9.81101e-06
7.79882e-05	9.32857e-06
6.90146e-05	7.00213e-06
6.34154e-05	7.79544e-06
5.34457e-05	4.6896e-06
6.44894e-05	4.79541e-06
0.000201845	1.66386e-05
9.76261e-06	4.28379e-06
0.000100749	1.08199e-05
0.000164513	1.12402e-05
0.000141413	1.04703e-05
0.000131512	6.61172e-06
4.11677e-05	5.83696e-06
5.59985e-05	1.59788e-05
0.000102406	1.19366e-05
0.000100276	9.73254e-06
0.000102121	1.16562e-05
0.000145352	1.78382e-05
7.58314e-05	1.35415e-05
3.93542e-05	1.2965e-05
0.000210642	1.08403e-05
0.000123249	1.65674e-05
0.000120269	7.98243e-06
0.000110313	7.4993e-06
9.38911e-05	9.87617e-06
7.91816e-05	7.69753e-06
0.000172406	8.51354e-06
0.000105558	1.1312e-05
0.000177147	1.24376e-05
7.17061e-05	5.91684e-06
6.08652e-05	5.83217e-06
0.000112009	7.86477e-06
0.000128317	1.15696e-05
4.53762e-05	3.60279e-06
0.000239947	1.15215e-05
0.000184733	1.31385e-05
0.000166466	1.59507e-05
0.000167009	1.17068e-05
0.000134761	1.04859e-05
7.57334e-05	9.73258e-06
7.21484e-05	1.45049e-05
0.000108658	6.33139e-06
0.000116514	7.81534e-06
9.67538e-05	1.27894e-05
0.000108602	6.37973e-06
0.000122571	6.32905e-06
0.000128091	1.02115e-05
5.62376e-05	1.51274e-05
0.000109292	1.48171e-05
7.18418e-05	6.66148e-06
5.77348e-05	6.84183e-06
6.66899e-05	6.27796e-06
0.000179498	1.95886e-05
0.000138667	1.57427e-05
0.000194007	5.57768e-06
0.000198734	1.38553e-05
8.62785e-05	5.61216e-06
9.43373e-05	5.81161e-06
0.000119048	5.66803e-06
0.000122217	1.21132e-05
7.05209e-05	8.99316e-06
0.00010532	7.53809e-06
4.11881e-05	1.0629e-05
2.18287e-05	4.36774e-06
5.29144e-05	1.99703e-05
3.28475e-05	6.55504e-06
3.07568e-05	3.76582e-06
0.000161855	1.8392e-05
0.000138809	1.15358e-05
0.000109871	1.39983e-05
8.8944e-05	1.38652e-05
8.81023e-05	1.10427e-05
7.19801e-05	8.96957e-06
5.88265e-05	8.52934e-06
7.7571e-05	8.45306e-06
0.000118355	1.41134e-05
3.28516e-05	6.56729e-06
0.000169137	1.19688e-05
0.000163085	1.10653e-05
0.000150595	6.08513e-06
0.000129945	1.37442e-05
0.000135411	1.209e-05
0.000100598	1.0371e-05
8.97084e-05	1.06756e-05
6.8598e-05	8.18148e-06
6.16262e-05	4.25578e-06
5.04048e-05	5.6125e-06
4.68898e-05	7.20131e-06
3.82998e-05	6.62447e-06
0.000130235	7.15064e-06
0.000136865	1.01472e-05
0.000130782	8.68932e-06
9.27925e-06	9.40467e-06
1.668e-05	2.57485e-06
1.81108e-05	2.54971e-06
2.19636e-05	4.99939e-06
3.40215e-05	1.72234e-05
3.0673e-05	9.53102e-06
4.22079e-05	9.58972e-06
6.62352e-05	6.68766e-06
8.05518e-05	6.85359e-06
9.68691e-05	1.28699e-05
0.000136803	9.37045e-06
0.000133769	1.04621e-05
0.000151655	1.61672e-05
2.91131e-05	3.75696e-06
0.00016786	8.70668e-06
7.41857e-05	9.88996e-06
9.10845e-05	7.00938e-06
1.53478e-05	2.61971e-06
5.85477e-05	1.73174e-05
8.19819e-05	8.47783e-06
9.27969e-05	1.13684e-05
0.000104282	1.529e-05
9.82397e-05	7.2491e-06
0.000132512	1.35471e-05
0.000126366	6.46996e-06
0.000150991	1.05185e-05
4.4689e-05	4.77382e-06
0.000126371	6.68785e-06
0.000136787	8.29609e-06
6.94432e-05	4.38709e-06
0.000149316	1.63793e-05
0.000115705	9.78814e-06
0.000108567	1.17085e-05
7.97001e-05	6.75363e-06
7.98516e-05	7.00912e-06
7.74489e-05	5.34502e-06
7.73145e-05	7.0194e-06
9.14859e-05	8.12746e-06
8.62217e-05	7.49351e-06
6.45151e-05	7.10281e-06
0.000105121	9.88609e-06
8.91905e-05	9.60248e-06
2.15742e-05	6.26255e-06
5.00666e-05	1.01592e-05
2.61385e-05	3.84796e-06
0.000183569	7.99227e-06
0.000152888	7.90989e-06
0.000146395	9.01628e-06
8.41211e-05	9.32598e-06
3.52594e-05	3.4602e-06
7.01395e-05	6.84916e-06
7.16852e-05	8.67889e-06
0.000116134	8.81179e-06
0.000121409	1.31235e-05
0.000144333	1.26944e-05
0.000157269	7.58456e-06
0.000168232	1.02781e-05
0.00016645	8.42026e-06
5.83719e-05	1.2615e-05
3.87907e-05	4.53352e-06
9.42258e-05	1.86927e-05
0.000114157	8.39095e-06
0.000124768	8.22804e-06
0.000145519	8.28432e-06
0.000155027	6.31945e-06
0.000108568	7.15833e-06
9.49434e-05	8.07576e-06
7.09985e-05	8.32167e-06
6.82168e-05	6.51129e-06
0.000112869	8.02108e-06
6.85973e-05	7.31556e-06
0.000122641	7.00587e-06
0.000147825	1.12866e-05
0.000106124	8.98327e-06
8.23599e-05	5.01891e-06
1.20895e-05	5.03958e-06
0.000213016	1.13335e-05
0.000170189	1.01909e-05
0.000167882	8.99568e-06
0.000100297	1.12039e-05
9.35405e-05	1.31405e-05
7.46394e-05	7.47845e-06
4.40848e-05	6.69916e-06
0.000142733	9.32841e-06
6.21295e-05	6.02765e-06
1.82809e-05	4.99461e-06
4.22568e-05	9.97355e-06
0.000108807	1.45043e-05
2.79065e-05	5.25775e-06
4.20518e-05	7.84825e-06
0.000140824	6.60111e-06
7.42218e-05	1.39034e-05
0.000112867	8.13837e-06
5.75437e-06	6.81075e-06
2.2699e-05	9.55502e-06
2.65532e-05	5.49197e-06
3.66767e-05	5.46954e-06
3.78426e-05	6.91694e-06
4.10666e-05	5.96007e-06
5.3113e-05	8.27836e-06
6.35705e-05	6.81705e-06
7.31301e-05	7.75129e-06
7.51781e-05	7.96669e-06
9.71404e-05	9.22233e-06
9.75979e-05	1.11907e-05
0.000100487	7.49021e-06
0.000135156	1.47833e-05
0.000133462	8.28632e-06
0.000138102	6.58758e-06
0.000167295	1.23107e-05
0.000234502	1.48416e-05
6.43146e-05	1.49249e-05
7.76911e-05	7.2879e-06
8.3655e-05	5.77123e-06
7.84056e-05	7.56813e-06
8.69647e-05	8.34446e-06
8.69741e-05	5.53785e-06
8.9853e-05	6.05774e-06
9.76427e-05	7.50683e-06
0.00010202	1.39798e-05
0.00010371	7.04038e-06
0.000161018	1.11401e-05
0.000105227	1.22082e-05
0.000151614	1.03898e-05
0.000111869	1.38837e-05
6.39274e-05	9.36924e-06
2.65519e-05	4.7991e-06
2.13335e-05	3.79946e-06
5.06196e-05	1.21041e-05
4.57796e-05	5.67501e-06
3.99411e-05	4.94782e-06
0.00019941	9.33349e-06
0.000196168	9.15348e-06
0.000181866	9.13836e-06
0.000166171	1.30778e-05
0.000132107	1.58503e-05
0.000120431	1.50121e-05
0.000106468	1.38132e-05
2.7096e-05	5.56526e-06
9.48747e-05	8.18233e-06
6.96062e-05	9.58695e-06
0.000152082	1.38719e-05
0.000130468	9.29502e-06
7.39088e-05	7.69347e-06
6.55677e-05	6.36074e-06
0.000128943	7.23667e-06
0.000125164	6.46453e-06
2.48502e-05	5.073e-06
0.000197584	1.35277e-05
0.000143765	1.38721e-05
0.000127675	1.23948e-05
0.000117537	1.34033e-05
0.000102114	7.23591e-06
0.000102075	7.97473e-06
8.64182e-05	9.7794e-06
6.20066e-05	6.59456e-06
0.000164022	1.54269e-05
5.54741e-05	8.48291e-06
0.0001437	1.24017e-05
8.29789e-05	7.33155e-06
2.42433e-05	2.59949e-06
3.85668e-05	8.74271e-06
0.000140036	1.43135e-05
0.000145322	7.4458e-06
0.000177958	1.65929e-05
4.52035e-05	8.32216e-06
4.37953e-05	5.12049e-06
6.63185e-05	1.28147e-05
6.95405e-05	6.76102e-06
7.37751e-05	7.23615e-06
0.000226826	1.28008e-05
4.92745e-05	7.87997e-06
6.12244e-05	6.50098e-06
6.62396e-05	4.26425e-06
8.28456e-05	7.70835e-06
0.000129769	1.80797e-05
0.000115524	6.12997e-06
0.000138483	9.66851e-06
0.000144973	6.93984e-06
0.000148507	7.32505e-06
0.000166679	1.0421e-05
0.000182747	1.04301e-05
0.000184625	8.533e-06
0.000101934	9.95717e-06
0.000122374	1.25061e-05
9.93553e-05	1.08966e-05
0.000106983	6.88047e-06
0.000199345	9.99853e-06
3.90077e-05	6.77088e-06
0.000194048	8.3313e-06
0.000126459	1.00294e-05
0.000119017	1.04897e-05
0.000123427	7.49956e-06
9.59901e-05	8.56669e-06
7.68737e-05	1.44325e-05
6.30474e-05	8.7488e-06
3.52132e-05	3.36238e-06
3.8034e-05	6.09296e-06
9.34994e-05	1.91812e-05
0.000353607	1.38706e-05
2.96191e-05	4.9805e-06
0.000216427	1.05259e-05
0.00019941	7.39975e-06
0.000145611	1.51417e-05
0.000129378	1.4717e-05
0.000106564	1.03792e-05
8.79287e-05	9.26777e-06
6.42349e-05	1.10431e-05
0.000100858	6.60331e-06
0.0001778	1.45427e-05
0.000165473	1.52136e-05
3.66153e-06	4.11991e-06
3.15871e-05	6.19636e-06
6.13982e-05	1.21986e-05
5.59518e-05	8.71422e-06
0.000111174	8.40731e-06
0.000137572	1.20673e-05
0.000129422	7.78644e-06
0.000147256	1.4604e-05
0.000147294	8.9045e-06
0.000157707	1.15416e-05
0.000152767	9.15587e-06
0.000170402	7.67971e-06
0.000168799	6.64719e-06
0.000191595	1.31313e-05
5.40174e-05	8.03977e-06
7.68944e-05	1.48324e-05
5.53252e-05	8.49533e-06
0.000108661	7.69798e-06
0.000132094	1.2929e-05
6.16183e-05	5.91099e-06
0.000130547	9.80123e-06
0.000172146	1.3471e-05
0.000182069	1.29244e-05
0.000211998	9.71872e-06
0.000212031	9.70986e-06
4.61706e-05	1.39259e-05
0.000118681	1.26103e-05
0.00010406	1.1973e-05
0.000111106	1.26676e-05
6.84246e-05	8.68897e-06
7.44073e-05	6.01289e-06
0.000110722	8.06809e-06
0.000207474	1.31619e-05
0.00014489	1.16577e-05
2.05066e-05	5.9544e-06
2.15957e-05	4.05102e-06
1.70261e-05	5.65486e-06
3.98436e-06	4.07672e-06
0.000179562	9.47739e-06
0.000106856	1.41698e-05
6.96386e-05	1.04211e-05
3.51562e-05	3.79605e-06
0.000193592	1.32486e-05
9.07663e-05	8.39269e-06
0.00015315	1.36822e-05
0.000142574	1.77157e-05
0.000117756	1.07491e-05
0.000113016	1.06059e-05
7.64582e-05	9.93983e-06
0.000262958	1.30161e-05
0.000204155	1.38553e-05
0.000155413	1.00456e-05
0.000150595	7.20832e-06
7.51645e-05	8.77727e-06
5.30047e-05	3.92475e-06
8.14334e-05	7.20511e-06
0.000169645	1.46066e-05
0.000104383	1.13884e-05
5.80313e-06	4.72259e-06
2.55252e-05	4.98683e-06
3.63947e-05	6.27955e-06
4.86305e-05	6.31232e-06
7.25588e-05	5.52858e-06
8.60873e-05	1.38293e-05
7.93199e-05	9.79612e-06
7.76939e-05	5.78773e-06
0.000115298	1.15785e-05
0.000163724	1.18505e-05
0.000174565	1.09286e-05
3.90471e-05	5.85706e-06
7.27844e-05	1.0595e-05
8.86536e-05	1.67481e-05
7.33266e-05	1.01357e-05
6.56608e-05	6.3897e-06
5.30327e-05	4.1288e-06
2.13397e-05	5.4824e-06
1.44157e-05	5.66288e-06
7.07236e-05	8.2269e-06
0.0001243	1.0014e-05
0.000138102	6.73073e-06
0.000176816	1.4821e-05
0.000175577	9.04479e-06
0.000205482	1.50114e-05
0.00014778	1.30989e-05
0.000155027	8.05439e-06
1.7354e-05	3.90574e-06
0.000139903	1.12299e-05
0.000127512	1.02819e-05
3.17375e-05	6.81626e-06
0.000245648	1.38517e-05
0.000141164	7.32169e-06
5.80935e-05	4.17849e-06
1.56126e-05	3.36666e-06
3.97932e-05	8.15093e-06
3.27594e-05	6.33999e-06
3.8715e-05	8.54758e-06
0.000107062	1.58827e-05
4.26845e-05	6.53453e-06
0.000130202	1.09334e-05
0.000149638	1.01884e-05
0.00012899	9.57667e-06
0.000126404	4.46369e-06
9.9216e-06	8.50844e-06
8.24209e-05	7.28933e-06
8.66365e-05	1.01543e-05
8.69887e-05	6.03409e-06
9.78072e-05	1.30301e-05
0.000142662	9.32766e-06
0.000206583	1.25402e-05
0.000220954	1.28878e-05
4.5195e-05	9.13682e-06
0.00012212	1.86639e-05
9.73485e-05	9.03318e-06
8.49377e-05	7.94468e-06
0.000108631	8.38826e-06
2.34077e-05	6.15897e-06
3.39257e-05	4.96569e-06
3.77035e-05	5.19878e-06
0.000174243	1.56151e-05
0.000179316	9.83967e-06
0.000123154	9.81103e-06
6.62553e-05	5.11382e-06
8.41916e-05	4.21425e-06
7.55764e-05	8.58492e-06
0.000134111	6.64069e-06
9.54294e-05	7.86331e-06
9.58454e-05	4.59302e-06
6.38988e-05	5.87798e-06
8.69656e-05	7.51419e-06
5.04994e-05	5.32455e-06
0.000124809	7.04763e-06
0.000343159	1.66221e-05
0.000155457	9.40061e-06
0.000117725	8.26666e-06
2.28614e-05	6.5059e-06
1.69968e-05	2.65436e-06
0.000172243	1.47123e-05
0.000157442	1.10675e-05
6.05526e-05	7.76906e-06
5.03965e-05	7.39449e-06
0.000169985	1.31673e-05
0.000149149	1.30091e-05
0.000119395	8.9817e-06
6.21766e-06	5.16271e-06
1.00692e-05	3.48028e-06
2.48826e-05	5.0634e-06
5.80227e-05	8.79373e-06
0.000102167	6.58309e-06
0.00011104	7.74686e-06
0.000159483	9.52945e-06
0.000161806	6.39411e-06
0.00017064	1.56919e-05
0.000177965	1.93269e-05
0.000170456	1.20792e-05
0.000266344	1.41123e-05
7.50683e-05	1.11246e-05
0.000144479	1.04476e-05
0.000112371	8.66838e-06
0.000158502	1.23034e-05
0.000130205	9.95394e-06
0.000151344	9.60763e-06
8.95299e-06	5.60151e-06
0.000102329	1.49247e-05
9.26515e-05	8.61085e-06
9.58454e-05	5.25658e-06
0.000100208	1.08912e-05
3.1741e-05	5.6565e-06
2.84375e-05	5.81885e-06
4.09471e-05	7.80047e-06
3.58927e-05	6.72968e-06
0.000131135	1.83394e-05
0.000109531	1.20584e-05
0.000120574	8.89717e-06
8.14381e-05	7.8875e-06
7.04281e-05	8.48661e-06
8.97421e-05	7.61926e-06
9.28292e-05	4.97673e-06
2.41818e-05	5.56862e-06
9.84322e-06	2.90852e-06
4.64984e-05	1.22988e-05
4.5848e-05	5.60989e-06
0.000196708	7.25083e-06
0.000159441	1.25077e-05
0.000138102	9.3375e-06
0.000134306	1.13634e-05
0.000132311	9.84408e-06
8.13592e-05	1.33014e-05
6.51661e-05	9.17111e-06
2.74733e-05	5.91073e-06
8.12633e-05	9.01401e-06
6.21447e-05	7.2539e-06
2.74151e-05	4.10947e-06
4.85573e-05	6.37569e-06
0.000198163	1.21482e-05
0.000105102	1.32068e-05
9.18145e-05	1.09158e-05
0.000102067	1.10211e-05
9.29054e-05	1.22644e-05
0.000110975	1.01569e-05
4.00368e-05	9.01508e-06
6.88421e-05	1.0557e-05
9.98364e-05	1.1984e-05
0.00013614	1.27712e-05
0.000145394	1.30986e-05
0.000160875	1.84101e-05
0.000162936	1.53586e-05
0.000169937	1.39129e-05
5.40003e-05	9.45492e-06
0.000180709	1.10464e-05
0.000128269	8.03189e-06
0.000111047	1.18818e-05
5.5827e-06	5.87883e-06
6.54246e-05	7.22272e-06
8.36211e-05	7.35824e-06
9.35231e-05	8.7002e-06
0.000148892	1.06697e-05
0.000184188	1.53385e-05
0.000135441	7.9838e-06
1.62629e-05	6.44655e-06
2.0494e-05	5.41641e-06
1.13529e-05	2.6553e-06
3.20548e-05	7.91158e-06
0.00019485	1.2965e-05
0.000174616	9.13597e-06
0.000159586	1.16295e-05
0.000156072	1.28934e-05
0.000155371	1.00507e-05
0.00014544	1.20419e-05
0.0001418	9.67585e-06
0.000143041	7.86724e-06
0.000136461	7.98399e-06
0.000124271	1.15392e-05
0.0001154	9.95325e-06
2.20926e-05	3.49846e-06
4.42022e-05	8.41491e-06
0.000218772	1.02301e-05
0.000125389	1.28776e-05
7.876e-05	4.22522e-06
0.000130666	8.66219e-06
0.000126147	1.13625e-05
5.45783e-05	4.38136e-06
4.45908e-05	1.53241e-05
0.000210954	1.52306e-05
4.60345e-05	3.83365e-06
0.000146655	1.08602e-05
2.52944e-05	4.85867e-06
2.91782e-05	3.27445e-06
3.50745e-05	7.45976e-06
6.44597e-05	7.59349e-06
7.31031e-05	5.85243e-06
9.34464e-05	6.21308e-06
0.000184088	1.58766e-05
9.20407e-05	1.44976e-05
0.000149777	1.12836e-05
6.17986e-05	1.34786e-05
0.000168883	1.06296e-05
0.000160846	1.08438e-05
0.000149218	1.30438e-05
0.00019311	1.01389e-05
9.43196e-05	6.71337e-06
3.00104e-05	4.91636e-06
3.2372e-05	6.41422e-06
5.00266e-05	9.1101e-06
7.39461e-05	6.16421e-06
8.81822e-05	6.17532e-06
9.80081e-05	8.80497e-06
0.00016645	8.38354e-06
0.000195995	1.46919e-05
9.90277e-05	1.09569e-05
0.00010886	1.23302e-05
1.93282e-05	3.24992e-06
0.000134495	1.06465e-05
0.000104034	6.55826e-06
9.02126e-05	1.80071e-05
7.5276e-05	1.10868e-05
6.22802e-05	9.18674e-06
6.50783e-05	8.68325e-06
0.0001464	6.98019e-06
0.000111094	7.09806e-06
0.000122705	6.98323e-06
7.41294e-05	6.80317e-06
7.08306e-05	8.66653e-06
0.000125884	8.74043e-06
3.02185e-05	7.83501e-06
3.78699e-05	7.65964e-06
0.000190253	1.02277e-05
0.00016196	1.37504e-05
0.000134378	1.37299e-05
0.000136992	1.04717e-05
0.000126726	1.44731e-05
9.89316e-05	9.46127e-06
0.0001688	6.74036e-06
0.00012753	7.34262e-06
2.39793e-05	1.08857e-05
3.94093e-05	5.64567e-06
7.83018e-05	7.73719e-06
8.69809e-05	7.74465e-06
9.74375e-05	1.06408e-05
0.000102155	1.06141e-05
0.00015996	1.68358e-05
5.27089e-05	8.56208e-06
5.93962e-05	4.90097e-06
6.81709e-05	8.10754e-06
6.62553e-05	5.81045e-06
6.87313e-05	7.22921e-06
6.90945e-05	5.42277e-06
8.25439e-05	1.06226e-05
7.72402e-05	6.37732e-06
8.31721e-05	7.39251e-06
0.000140085	1.47663e-05
0.000160354	1.08995e-05
4.4004e-05	7.26084e-06
6.97735e-05	8.12289e-06
0.000100632	1.23722e-05
0.000131734	1.62412e-05
6.70358e-05	4.35601e-06
2.79807e-05	5.09949e-06
8.3743e-06	7.73477e-06
3.01852e-05	8.54678e-06
4.20769e-05	1.16423e-05
3.05126e-05	5.64925e-06
9.85408e-05	8.95522e-06
7.68656e-05	1.47144e-05
6.37518e-05	6.76273e-06
6.12949e-05	5.64091e-06
5.71861e-05	6.46178e-06
5.18439e-05	7.96474e-06
2.55042e-05	9.24283e-06
0.000198573	1.03237e-05
0.000126521	1.08494e-05
8.86071e-05	9.72589e-06
7.3201e-05	8.77646e-06
2.50659e-05	7.49071e-06
4.88182e-05	5.14244e-06
4.03316e-05	3.61725e-06
0.000160546	1.58999e-05
0.000109679	9.14508e-06
9.49517e-05	6.84723e-06
8.34506e-05	1.02369e-05
6.15134e-05	7.44236e-06
7.3576e-05	3.27008e-06
0.000144014	1.22842e-05
0.00019941	7.40967e-06
3.79263e-05	9.63591e-06
4.85049e-05	5.91816e-06
6.39007e-05	9.93929e-06
0.000113108	1.58349e-05
0.000129472	1.60186e-05
0.000122335	8.57505e-06
0.000181171	1.81797e-05
0.000178495	9.41371e-06
0.000171429	1.3785e-05
0.000183335	1.43734e-05
4.03803e-05	4.77475e-06
3.2701e-05	7.71068e-06
5.03822e-05	7.37783e-06
0.00014221	7.39271e-06
0.000123927	9.25136e-06
0.000152901	1.44758e-05
0.000136106	7.20394e-06
8.25028e-05	1.34599e-05
0.000103995	8.79718e-06
3.15401e-05	5.64274e-06
4.19136e-05	7.16009e-06
4.51453e-05	6.17146e-06
6.59524e-05	7.59386e-06
7.71483e-05	9.453e-06
8.08129e-05	7.65879e-06
9.57566e-05	9.66169e-06
0.000162571	7.44274e-06
0.000194007	7.15255e-06
4.65644e-05	7.8583e-06
3.96541e-05	5.06436e-06
3.70089e-05	1.1261e-05
3.10994e-05	4.90484e-06
9.88027e-05	1.91013e-05
5.66041e-05	5.31196e-06
1.78762e-05	5.41044e-06
3.27056e-05	5.59887e-06
0.000191408	9.30267e-06
0.000180415	1.24637e-05
0.000149306	1.49277e-05
0.000137916	1.06439e-05
0.000121948	1.0693e-05
7.79813e-05	9.52072e-06
9.70556e-05	8.77908e-06
6.17087e-05	1.20625e-05
8.76361e-05	7.26916e-06
5.45111e-05	5.10384e-06
1.97461e-05	8.52797e-06
0.000149459	1.92765e-05
0.000114303	9.29445e-06
8.08918e-05	1.17623e-05
5.68597e-05	6.94204e-06
2.50155e-05	2.22952e-06
9.65131e-05	9.99393e-06
8.7913e-05	8.02775e-06
0.000177909	1.33345e-05
0.000101532	8.65315e-06
9.70803e-05	6.13314e-06
0.000237801	7.81333e-06
0.00023078	1.69843e-05
1.65014e-05	1.68381e-05
6.43342e-06	3.6389e-06
2.6007e-05	5.26593e-06
6.58281e-05	5.61148e-06
0.000117333	1.10665e-05
0.000153599	1.32805e-05
0.000158859	9.11287e-06
0.000175579	1.49423e-05
3.10742e-05	6.05742e-06
3.297e-05	5.1985e-06
0.000130215	8.59849e-06
0.000132162	5.75117e-06
0.000111108	1.67104e-05
0.000132674	9.20121e-06
0.000173608	7.69604e-06
6.34973e-05	9.59206e-06
0.000141942	9.24222e-06
0.000151913	8.28311e-06
5.08625e-05	6.44774e-06
9.84411e-05	9.94883e-06
9.43372e-05	5.73835e-06
0.000129128	1.45106e-05
2.83222e-05	1.6243e-05
9.6695e-05	7.23577e-06
0.000160197	9.373e-06
2.18503e-05	6.42662e-06
5.28237e-05	1.026e-05
4.45871e-05	5.33421e-06
0.000249144	1.55055e-05
0.000194351	1.60765e-05
0.000123216	1.57386e-05
0.000123659	8.97219e-06
0.000104186	7.79117e-06
9.72495e-05	7.60443e-06
9.48819e-05	1.038e-05
9.83881e-05	7.04757e-06
6.4385e-05	8.75598e-06
6.3906e-05	3.66405e-06
0.000105319	1.22412e-05
7.98646e-05	7.95547e-06
7.93506e-05	7.09489e-06
4.38523e-05	9.10452e-06
7.44674e-05	1.36783e-05
8.69718e-05	7.76323e-06
6.59173e-05	1.00228e-05
6.98268e-05	5.68793e-06
5.84984e-05	7.87879e-06
0.000172159	1.38459e-05
0.000185028	1.20618e-05
0.00015591	8.75261e-06
0.00015379	9.35613e-06
0.000192528	1.64365e-05
0.000140804	1.36238e-05
8.51075e-05	8.00874e-06
0.000113763	6.62597e-06
0.000261707	1.50267e-05
0.000101277	6.18541e-06
1.81965e-05	2.94499e-06
1.99975e-05	2.6483e-06
0.000104079	7.78953e-06
0.000114401	1.321e-05
0.000111314	6.95868e-06
0.000178392	1.7904e-05
4.82086e-05	5.96052e-06
6.38771e-05	1.35735e-05
7.71118e-05	6.25361e-06
0.000116284	1.44508e-05
0.000148415	1.58472e-05
0.000181306	1.8735e-05
0.000188662	9.23762e-06
9.05219e-05	8.263e-06
0.000153947	1.9269e-05
6.4276e-05	9.73297e-06
7.61551e-05	5.93099e-06
0.000131225	1.04552e-05
0.000121472	6.20384e-06
3.939e-05	9.33185e-06
7.14963e-05	7.06982e-06
8.26867e-05	1.01897e-05
8.86111e-05	1.13562e-05
8.68866e-05	8.25324e-06
0.00011306	1.02252e-05
0.000160574	1.0203e-05
3.5097e-05	4.89315e-06
4.59297e-05	7.45752e-06
0.000134462	1.14233e-05
0.000118684	1.5094e-05
5.88056e-05	7.66176e-06
5.84469e-05	5.55841e-06
0.000175232	1.62682e-05
0.000171666	1.44523e-05
0.000161101	1.30812e-05
0.000119516	1.37045e-05
0.000123068	8.65384e-06
0.000112347	1.30997e-05
9.78225e-05	1.14152e-05
8.73687e-05	9.48386e-06
8.53391e-05	6.7837e-06
7.24198e-05	8.98548e-06
5.75096e-05	1.29101e-05
6.24904e-05	6.32056e-06
3.4203e-05	6.43914e-06
8.21804e-05	8.41949e-06
5.25006e-05	9.51593e-06
0.000149083	1.0296e-05
0.000144685	1.38267e-05
0.000101277	6.21864e-06
8.64224e-05	5.67383e-06
7.27194e-05	5.94634e-06
5.15199e-05	1.05012e-05
0.000103463	1.63162e-05
0.000104368	7.54808e-06
0.000142469	1.40153e-05
6.98773e-05	7.73842e-06
8.60401e-05	6.36349e-06
6.48609e-06	4.47744e-06
1.91157e-05	5.64455e-06
4.74015e-05	5.01201e-06
0.000120159	9.00315e-06
0.000148078	1.52716e-05
0.000179117	1.11608e-05
0.000178513	1.23279e-05
0.000189389	9.85297e-06
0.000196275	1.38254e-05
3.11613e-05	6.01101e-06
2.40525e-05	3.23872e-06
3.54838e-05	2.80103e-06
2.80224e-05	3.79494e-06
6.98408e-05	8.04996e-06
9.73822e-05	1.55446e-05
0.000179539	9.32503e-06
0.000152568	1.7793e-05
8.16483e-05	1.55974e-05
8.67505e-05	9.26321e-06
0.000125466	8.5687e-06
9.02873e-05	9.93542e-06
4.9192e-05	7.49283e-06
0.000118047	1.99125e-05
9.16041e-05	9.79321e-06
8.14441e-05	4.16402e-06
0.000144765	9.69386e-06
9.69167e-05	8.22257e-06
9.27565e-05	6.9965e-06
0.000182606	1.24679e-05
9.45898e-06	3.74014e-06
0.000183855	1.80816e-05
0.000188727	7.1707e-06
0.000162395	1.44717e-05
0.000169317	1.07144e-05
0.000113522	1.33274e-05
9.30884e-05	1.19234e-05
7.59928e-05	1.18598e-05
0.000150647	7.06541e-06
7.13878e-05	8.01645e-06
2.33979e-05	1.23614e-05
3.99434e-05	6.20426e-06
4.02927e-05	7.58036e-06
3.15856e-05	9.80617e-06
7.97816e-05	9.94018e-06
9.08889e-05	1.79305e-05
7.52246e-05	8.44275e-06
7.13098e-05	8.65465e-06
6.85736e-05	6.80688e-06
3.01508e-05	5.70214e-06
8.64598e-05	1.15301e-05
0.000127454	1.27279e-05
0.000149174	1.65371e-05
0.000135847	1.26903e-05
2.85089e-05	3.93656e-06
5.57132e-05	9.75038e-06
8.86209e-05	1.16597e-05
0.000128407	1.28458e-05
0.000134231	1.02311e-05
0.000141749	1.16422e-05
2.18274e-05	7.39531e-06
3.77265e-05	1.00597e-05
3.64084e-05	5.21871e-06
0.000102537	7.55787e-06
0.000121465	1.04806e-05
9.33097e-05	7.08712e-06
9.69044e-05	8.52317e-06
0.00013295	1.09377e-05
5.01453e-05	7.38577e-06
0.000124459	8.69469e-06
0.000108604	6.8243e-06
0.00012026	7.54005e-06
6.65446e-05	1.02112e-05
2.86305e-05	4.98522e-06
5.01096e-05	5.05547e-06
0.00020105	1.19178e-05
0.000184177	1.30147e-05
0.000167233	7.55926e-06
0.000121376	1.61636e-05
0.000110725	1.1511e-05
9.70949e-05	1.92331e-05
8.02474e-05	9.47825e-06
5.98548e-05	4.38937e-06
4.93458e-05	1.21964e-05
3.50317e-05	4.79589e-06
7.60226e-05	8.42659e-06
0.000114548	8.79269e-06
3.67122e-05	5.37657e-06
8.79368e-05	6.43258e-06
6.45901e-05	6.41545e-06
5.42885e-05	1.13369e-05
2.31178e-05	4.30282e-06
3.21347e-05	4.60951e-06
9.89328e-05	5.27997e-06
0.000115604	1.41845e-05
6.3096e-05	1.0003e-05
0.00014337	1.08839e-05
0.00017137	1.82611e-05
0.000157304	1.0883e-05
1.97834e-05	8.28454e-06
1.52616e-05	5.39638e-06
1.73319e-05	5.37477e-06
6.29756e-05	1.05205e-05
8.19813e-05	1.06988e-05
8.98771e-05	7.03827e-06
0.00014891	1.69613e-05
0.000131909	8.79029e-06
5.78467e-05	1.23939e-05
5.55361e-05	1.12453e-05
8.32022e-05	8.79861e-06
0.000175721	1.84396e-05
7.66744e-05	1.25401e-05
6.15694e-05	5.97101e-06
0.00010831	9.08139e-06
1.8542e-05	3.70133e-06
2.20742e-05	4.0153e-06
2.25774e-05	4.82829e-06
2.92453e-05	6.82265e-06
6.40271e-05	8.11758e-06
8.30227e-05	7.72015e-06
0.000102093	5.6854e-06
0.000113163	7.53816e-06
0.000136379	1.25363e-05
0.000156221	1.30303e-05
4.38363e-05	4.88689e-06
0.000226577	1.93521e-05
0.000151899	1.75196e-05
0.000194023	1.40006e-05
0.00014838	1.02511e-05
9.06192e-05	5.70876e-06
1.4455e-05	4.77592e-06
3.97704e-05	9.05534e-06
4.78886e-05	7.25373e-06
0.000182475	1.46535e-05
0.000168796	1.05443e-05
0.000141323	1.43812e-05
0.000101996	7.41463e-06
9.28549e-05	1.07279e-05
8.50654e-05	1.1244e-05
8.87311e-05	6.21617e-06
2.95764e-05	6.72198e-06
3.28694e-05	4.66983e-06
0.000118958	1.00724e-05
8.2162e-05	8.16711e-06
0.000110608	9.18507e-06
0.00011195	1.47174e-05
7.937e-06	5.92971e-06
3.16399e-05	7.14988e-06
2.92365e-05	4.74589e-06
0.000137635	1.0148e-05
0.000126387	8.591e-06
0.000125907	8.89405e-06
0.000121472	6.08058e-06
0.000110282	1.39925e-05
0.000118086	9.00708e-06
9.96006e-05	1.56729e-05
5.96121e-05	1.09995e-05
0.000114786	1.04423e-05
0.000179542	1.14115e-05
8.65236e-05	1.01688e-05
0.000139598	8.30903e-06
0.000144722	1.42017e-05
6.65779e-06	4.66943e-06
1.81872e-05	7.57988e-06
7.0638e-05	7.3917e-06
0.000148915	1.33934e-05
0.000135441	6.40403e-06
0.000133908	1.32332e-05
0.000107513	8.31556e-06
0.000124166	7.5538e-06
0.000138028	1.44743e-05
4.98397e-05	6.66211e-06
0.000138118	1.4131e-05
0.00014177	1.05877e-05
0.00017847	8.75516e-06
0.000106545	8.06418e-06
0.000127053	7.73759e-06
0.000143823	1.28338e-05
0.000142186	6.00884e-06
0.000104193	1.52416e-05
8.89335e-05	1.08758e-05
5.93534e-05	5.02838e-06
9.66517e-05	1.72414e-05
0.000179131	1.5609e-05
0.000108494	1.04619e-05
9.02898e-05	9.20329e-06
0.000159389	8.59986e-06
0.00014706	1.327e-05
0.000188607	1.44167e-05
0.000178114	1.04358e-05
0.000171204	8.12781e-06
0.000159038	1.21044e-05
0.000150719	1.24963e-05
0.000112028	4.15054e-06
7.88446e-05	1.13426e-05
0.000160357	1.24929e-05
0.000159043	1.33702e-05
6.69992e-06	2.91185e-06
7.16372e-05	8.3989e-06
7.61253e-05	6.38706e-06
8.42903e-05	9.03974e-06
9.57085e-05	1.37479e-05
9.72783e-05	1.21062e-05
0.000114798	9.99489e-06
4.23989e-05	6.54334e-06
6.71399e-05	6.51038e-06
7.88498e-05	1.65376e-05
0.000123597	9.20564e-06
0.000106478	9.99438e-06
0.000136802	9.01074e-06
3.1016e-05	4.97967e-06
3.70365e-05	9.60019e-06
5.50552e-05	4.73349e-06
0.000131512	6.53974e-06
0.000141712	1.46599e-05
0.000146367	6.64871e-06
0.000174918	1.23912e-05
5.18951e-05	1.15961e-05
0.000174715	1.18998e-05
0.000124988	7.83481e-06
0.000139739	1.42256e-05
7.62017e-05	8.59974e-06
0.000116592	8.94352e-06
0.000128283	8.23667e-06
0.000130179	8.55733e-06
5.12314e-05	8.64289e-06
4.44254e-05	8.4766e-06
3.77763e-05	4.86056e-06
0.000192975	9.6924e-06
0.000148809	1.14931e-05
0.000146365	1.02696e-05
0.00013798	1.049e-05
7.45268e-05	8.3813e-06
9.06283e-05	7.93592e-06
0.000107025	1.20994e-05
0.000165015	1.12401e-05
0.000168327	9.89874e-06
0.000156113	1.08986e-05
0.000136745	8.10419e-06
0.0001337	1.00853e-05
0.000120635	9.44683e-06
0.000119861	1.2659e-05
8.8923e-05	5.24391e-06
0.000115497	4.92151e-06
0.000157769	1.12265e-05
5.8052e-05	6.0604e-06
7.20949e-05	7.35334e-06
9.1847e-05	5.37508e-06
2.65044e-05	4.56777e-06
4.11945e-05	8.85992e-06
3.49432e-05	3.69431e-06
4.56316e-05	8.4541e-06
9.58453e-05	4.73225e-06
0.000112028	5.23028e-06
0.0001334	1.35826e-05
0.000145158	1.57666e-05
8.90565e-05	9.98459e-06
0.000113272	1.07713e-05
8.26206e-05	7.04805e-06
0.000122684	6.1768e-06
0.000134111	6.55724e-06
0.000123317	7.82108e-06
0.000139247	1.12921e-05
7.64534e-05	6.247e-06
9.73507e-05	1.49286e-05
9.60233e-05	9.00809e-06
0.000107901	1.15102e-05
0.000134649	8.86893e-06
0.000145871	9.57432e-06
0.000164642	1.50407e-05
3.1001e-05	3.91147e-06
8.65839e-05	1.68343e-05
6.74763e-05	7.43208e-06
0.00013707	1.46342e-05
0.000112028	4.11993e-06
5.92221e-05	7.41599e-06
0.000163132	1.92083e-05
0.000199354	1.75072e-05
0.000112049	9.16864e-06
6.6233e-05	6.77194e-06
0.000139021	1.05619e-05
8.0102e-05	4.3202e-06
7.87755e-05	5.37025e-06
2.17943e-05	4.55977e-06
5.23435e-05	6.51154e-06
0.000128153	1.19022e-05
0.000108454	1.68634e-05
0.000111962	9.59541e-06
8.46511e-05	8.95874e-06
6.61563e-05	5.44144e-06
8.08991e-05	8.8732e-06
7.24319e-05	6.68294e-06
0.000157928	1.08987e-05
0.000147713	1.13194e-05
0.000122069	7.93899e-06
9.27867e-05	9.41368e-06
6.38989e-05	6.38849e-06
7.29011e-05	6.58053e-06
6.69185e-05	5.78251e-06
6.06402e-05	6.92115e-06
2.7326e-06	5.59011e-06
2.76168e-05	3.34657e-06
5.29844e-05	4.17474e-06
6.95009e-05	1.13559e-05
9.42654e-05	1.71465e-05
9.20434e-05	1.59656e-05
0.000118052	1.10441e-05
0.000112722	8.95341e-06
0.000123603	6.77772e-06
0.000129352	7.69014e-06
0.000141002	1.34061e-05
0.000176105	1.21225e-05
0.000176127	1.08793e-05
0.000183534	1.01237e-05
4.16664e-05	1.5164e-05
5.91585e-05	1.11786e-05
0.000113219	1.08494e-05
9.82386e-05	1.14456e-05
6.20943e-05	7.243e-06
7.77594e-05	6.39992e-06
0.000105297	8.93879e-06
8.03422e-06	4.11319e-06
4.57372e-05	5.53184e-06
8.74191e-05	6.42574e-06
9.58161e-05	5.50085e-06
0.000127279	1.10777e-05
0.00015244	1.13243e-05
0.000161348	1.41235e-05
0.00017689	9.52637e-06
0.000189275	1.32346e-05
3.35384e-05	8.23393e-06
4.23413e-05	6.66034e-06
0.000156907	1.50571e-05
0.000174392	1.44678e-05
0.000211842	1.25535e-05
0.000148642	1.29499e-05
1.63325e-05	6.10801e-06
2.81992e-05	5.29444e-06
2.23619e-05	5.99599e-06
1.51572e-05	5.13947e-06
0.000146338	1.81523e-05
0.000149836	1.03517e-05
0.000130573	1.00225e-05
0.000125772	1.18545e-05
0.00011673	9.29817e-06
0.000110672	6.68814e-06
6.15874e-05	9.22539e-06
0.000165062	8.84706e-06
6.90121e-05	5.70668e-06
0.000169065	1.28337e-05
2.42893e-05	6.26309e-06
0.000225768	1.26765e-05
0.000111352	1.7849e-05
8.02786e-05	6.7882e-06
7.69854e-05	6.08885e-06
7.47617e-05	8.54821e-06
5.84069e-05	6.2315e-06
0.000121341	1.22259e-05
0.000217812	1.16687e-05
8.71017e-05	9.90638e-06
4.55884e-05	7.28685e-06
0.000154983	1.18367e-05
0.000217911	1.73856e-05
0.000106097	9.79759e-06
0.000132362	1.34339e-05
0.00010371	5.96496e-06
2.69697e-05	2.86052e-06
7.70547e-05	1.07726e-05
7.35183e-05	5.737e-06
8.84443e-05	9.31199e-06
9.58631e-05	6.74412e-06
0.000133866	1.36695e-05
0.000155762	9.21693e-06
0.000183569	6.82076e-06
0.000104456	1.25369e-05
8.90054e-05	9.43926e-06
7.44324e-05	8.8686e-06
6.66952e-05	4.81143e-06
0.000175311	1.60265e-05
6.36219e-05	7.5765e-06
5.49955e-05	7.86541e-06
0.000154911	1.83524e-05
0.000187225	1.34938e-05
8.50592e-05	8.93059e-06
7.4329e-05	6.34217e-06
9.97243e-05	1.16108e-05
6.47065e-05	5.84128e-06
3.90547e-05	7.43653e-06
3.3006e-05	5.99981e-06
0.000131882	1.43945e-05
5.47335e-05	1.07908e-05
4.72203e-05	4.43174e-06
0.000113763	6.39568e-06
6.31389e-05	8.8526e-06
0.000234619	7.92744e-06
0.000216399	7.86051e-06
0.000216399	7.69694e-06
0.000188674	1.22391e-05
0.000176069	6.86927e-06
0.000146718	1.08083e-05
0.000143354	1.01507e-05
0.000126763	1.32941e-05
9.58738e-05	1.30072e-05
1.16593e-05	5.83225e-06
2.09125e-05	7.94243e-06
1.28217e-05	3.39696e-06
1.79568e-05	4.09977e-06
2.61444e-05	9.82914e-06
3.05549e-05	5.01924e-06
5.59477e-05	4.59463e-06
0.000117994	8.1121e-06
0.000155384	1.12374e-05
0.00024257	1.71699e-05
4.29083e-05	5.318e-06
7.44073e-05	4.3461e-06
8.5775e-05	9.1513e-06
8.98518e-05	4.57178e-06
0.000132137	1.16644e-05
0.000234662	1.21849e-05
0.000222332	9.05731e-06
0.000174656	1.10588e-05
0.000195815	1.31366e-05
0.000161464	9.96043e-06
0.000208365	1.29124e-05
0.000146346	9.29011e-06
0.000196708	9.00327e-06
0.000162659	1.27399e-05
0.000145808	1.52874e-05
0.000154687	1.26594e-05
0.000150595	7.74406e-06
0.000148507	6.19533e-06
0.000132771	6.5844e-06
8.63855e-05	1.06423e-05
0.000119471	8.47731e-06
6.1903e-05	4.90082e-06
0.000106128	8.1591e-06
0.000220791	1.65512e-05
0.000204606	1.74222e-05
0.000200873	1.1165e-05
0.00018633	1.69611e-05
0.000140459	1.61461e-05
0.000118973	1.03223e-05
0.000107663	7.62037e-06
9.10387e-05	1.06818e-05
8.42248e-06	4.09566e-06
3.68662e-05	1.25831e-05
3.47363e-05	4.50033e-06
4.27363e-05	9.46736e-06
6.23146e-05	8.65332e-06
0.000110456	1.8005e-05
0.000111493	9.92526e-06
8.94992e-05	7.69243e-06
0.000135662	7.99641e-06
8.14652e-05	5.65599e-06
9.16976e-05	1.44725e-05
0.000110132	1.13196e-05
0.000106399	6.45274e-06
0.000228674	1.71267e-05
0.000225368	7.944e-06
0.000220354	8.78515e-06
8.07657e-05	1.7274e-05
0.000108605	5.8217e-06
0.000190499	1.28843e-05
0.000161997	1.05148e-05
0.000115459	7.18403e-06
6.00676e-05	5.90407e-06
0.000170767	9.18699e-06
0.000144277	8.27189e-06
0.000113337	9.21699e-06
0.000149825	1.38705e-05
0.000171204	8.44334e-06
0.00015677	1.08387e-05
0.000144869	1.01648e-05
0.00013132	1.09576e-05
0.000122098	9.40065e-06
0.000102689	1.17418e-05
0.000102875	6.21629e-06
8.94257e-05	8.50146e-06
7.70395e-05	1.28205e-05
2.98324e-05	5.03087e-06
4.25044e-05	6.50905e-06
5.65038e-05	1.07276e-05
9.08648e-05	5.34028e-06
1.8309e-05	4.69119e-06
5.06366e-05	5.93568e-06
3.74886e-05	5.56901e-06
3.10263e-05	5.37078e-06
0.000203325	1.52167e-05
0.000134739	1.80918e-05
0.000116224	7.29547e-06
0.000100197	6.038e-06
9.45263e-05	7.17739e-06
7.18053e-05	7.42705e-06
6.99836e-05	1.14635e-05
6.72674e-05	8.37744e-06
6.23861e-05	4.30942e-06
0.000143978	8.02878e-06
0.000144705	1.24433e-05
2.64019e-05	1.53129e-05
1.90671e-05	2.33771e-06
3.25125e-05	5.32844e-06
4.19549e-05	9.36297e-06
0.0001376	1.43977e-05
8.84163e-05	6.44818e-06
0.000102958	1.42025e-05
0.000116738	9.75503e-06
0.000139416	9.45581e-06
0.000116272	1.29505e-05
0.000195388	9.21365e-06
9.95189e-05	1.00163e-05
0.000153971	9.82982e-06
7.41815e-05	1.2053e-05
8.81362e-05	6.21061e-06
0.000116956	1.27994e-05
0.000144055	1.04386e-05
0.000183555	1.50054e-05
3.62917e-05	5.28361e-06
3.22964e-05	5.8678e-06
5.63966e-05	9.16614e-06
8.64993e-05	1.74455e-05
8.79416e-05	7.59063e-06
0.000180298	1.38551e-05
0.000191331	1.22106e-05
0.000150863	1.20289e-05
0.000182346	1.27551e-05
5.65594e-05	7.73591e-06
3.3518e-05	5.29509e-06
2.98988e-05	5.25364e-06
3.05957e-05	4.40637e-06
2.56687e-05	3.37563e-06
0.000204941	8.46277e-06
0.00019941	7.41635e-06
0.00015529	1.09481e-05
0.00011351	9.32546e-06
0.000100971	1.04699e-05
8.00049e-05	1.09966e-05
7.23245e-05	5.01987e-06
6.84377e-05	7.17465e-06
2.90631e-05	4.02962e-06
0.00013581	1.15665e-05
0.000138054	5.71839e-06
0.000105273	1.11024e-05
5.93882e-05	6.44776e-06
2.7223e-05	5.38159e-06
6.28681e-05	1.59337e-05
2.95511e-05	8.1097e-06
0.000194868	1.30281e-05
0.000186021	1.503e-05
0.000143975	1.6143e-05
0.000128508	8.63589e-06
0.000131844	9.46484e-06
9.62793e-05	1.17895e-05
0.000101104	8.39602e-06
7.82468e-05	9.15496e-06
7.71866e-05	5.43076e-06
4.54283e-05	1.04696e-05
6.4814e-05	6.76024e-06
8.56655e-05	7.50975e-06
0.000145735	9.20326e-06
8.05124e-05	7.76543e-06
1.57405e-05	6.04769e-06
2.0581e-05	5.86073e-06
1.91949e-05	3.74843e-06
9.53811e-05	9.31206e-06
0.000122558	1.27177e-05
3.25962e-05	5.39973e-06
0.000142455	1.53705e-05
0.000155027	6.37207e-06
0.000136771	6.75071e-06
1.95772e-05	4.89475e-06
2.2434e-05	6.14422e-06
3.39098e-05	5.02795e-06
3.75866e-05	3.37846e-06
4.43384e-05	6.64586e-06
0.000195981	1.15299e-05
0.000109037	7.96948e-06
6.1171e-05	1.19643e-05
0.000107992	6.45447e-06
7.56375e-05	5.49366e-06
0.000131265	1.28782e-05
0.000142138	7.96542e-06
6.01622e-05	6.94137e-06
0.000131949	9.99793e-06
0.000168704	1.00482e-05
0.000130168	6.80165e-06
3.58534e-05	1.1248e-05
4.00281e-05	1.19738e-05
0.000216399	9.50582e-06
0.000187422	1.32501e-05
0.000130797	1.76451e-05
9.41908e-05	1.54619e-05
9.47932e-05	1.06812e-05
4.16417e-05	4.99426e-06
3.95783e-05	7.59376e-06
9.87889e-05	7.3593e-06
0.000138128	9.03513e-06
9.28316e-05	7.98395e-06
5.20067e-05	9.89731e-06
4.358e-05	4.24469e-06
0.000177911	1.0471e-05
0.000170995	1.49707e-05
0.000103728	1.6164e-05
8.0811e-05	7.12844e-06
8.68317e-05	1.5637e-05
2.87067e-05	2.66597e-06
0.000193857	9.63443e-06
0.000204923	1.02544e-05
7.07929e-05	6.50335e-06
0.000148468	7.82662e-06
7.87342e-05	7.63799e-06
3.44601e-05	1.59206e-05
8.45103e-06	5.93103e-06
4.60865e-05	5.79131e-06
8.44236e-05	8.48544e-06
9.22084e-05	1.02347e-05
9.31641e-05	9.31865e-06
0.000149448	1.66496e-05
0.000152365	1.53168e-05
0.000183513	8.06439e-06
9.73891e-05	4.89737e-06
0.000113224	1.30303e-05
0.000197885	9.60243e-06
0.000165146	9.84812e-06
0.000160155	9.96991e-06
7.21413e-05	6.7248e-06
0.000141574	1.50957e-05
7.87786e-05	6.82638e-06
1.31762e-05	4.08553e-06
4.46122e-05	7.71751e-06
5.91856e-05	6.32078e-06
6.53677e-05	9.35624e-06
0.000103613	1.53396e-05
8.86192e-05	6.86648e-06
9.58132e-05	7.10937e-06
9.57719e-05	6.21629e-06
0.000109093	1.13531e-05
0.000131935	1.74646e-05
0.000144026	1.62197e-05
0.000163973	9.82427e-06
0.000213921	1.50682e-05
0.000262213	1.73172e-05
2.90728e-05	6.1818e-06
0.000134217	1.38634e-05
7.23174e-05	1.44329e-05
9.23035e-05	9.76392e-06
0.000102535	7.3223e-06
5.62442e-05	5.79487e-06
0.000164708	1.34014e-05
0.000121483	1.00689e-05
0.000100051	1.5252e-05
9.28466e-05	5.88388e-06
2.7689e-05	1.10175e-05
0.000140668	1.6285e-05
9.44308e-05	1.40167e-05
9.54192e-05	7.06003e-06
8.32907e-05	1.52837e-05
7.91302e-05	6.24573e-06
4.77798e-05	6.77443e-06
9.39056e-05	9.86882e-06
3.38339e-05	6.47272e-06
0.000219886	1.0722e-05
0.000189617	1.18897e-05
0.00018105	8.743e-06
0.000159538	8.16916e-06
0.000140552	7.60278e-06
0.000108656	1.24615e-05
4.25079e-05	7.90509e-06
3.65996e-05	6.69155e-06
6.00942e-05	7.27179e-06
0.000225789	1.28672e-05
0.000204871	7.23454e-06
0.000190033	1.02758e-05
2.7495e-05	1.50045e-05
3.57492e-05	8.31542e-06
3.89631e-05	7.36896e-06
4.02592e-05	5.98575e-06
4.67918e-05	7.02345e-06
6.23639e-05	1.16439e-05
7.93156e-05	1.22837e-05
0.000150926	1.03268e-05
0.000172136	1.39319e-05
4.88121e-05	5.59815e-06
4.31816e-05	4.3037e-06
3.1469e-05	7.02527e-06
3.62483e-05	5.03569e-06
6.1795e-05	6.5823e-06
5.86833e-05	6.84173e-06
6.05386e-05	5.77764e-06
3.08256e-05	1.30148e-05
2.09136e-05	7.30148e-06
5.36892e-05	7.01905e-06
5.47649e-05	6.06202e-06
6.96062e-05	5.33081e-06
8.39049e-05	7.56224e-06
0.000123629	1.14502e-05
0.000121879	1.08716e-05
0.000133466	1.72349e-05
0.00014568	1.09495e-05
0.000154988	7.6024e-06
0.000188079	1.5001e-05
5.52399e-05	8.84499e-06
3.46735e-05	1.05737e-05
4.04199e-05	8.59647e-06
4.6433e-05	7.84045e-06
0.000158208	1.47297e-05
7.11544e-05	9.99921e-06
0.00012926	7.1062e-06
0.000150504	9.51585e-06
0.00015498	6.9269e-06
0.000147579	1.01401e-05
0.00013923	8.13644e-06
1.65617e-05	8.34893e-06
3.38463e-05	8.63282e-06
3.03038e-05	5.24828e-06
0.000238861	9.37361e-06
0.000150518	1.50283e-05
0.000145263	1.59417e-05
0.000146255	8.86618e-06
0.000138054	5.90972e-06
0.000123389	1.13413e-05
0.00011527	1.35959e-05
9.15758e-05	1.79911e-05
7.32933e-05	8.42919e-06
6.94384e-05	6.27802e-06
5.45849e-05	1.19612e-05
3.55153e-05	5.5545e-06
8.56151e-05	1.13671e-05
4.34024e-05	1.37384e-05
0.000251038	1.76948e-05
0.000247206	1.84045e-05
0.00019408	1.51093e-05
8.52123e-05	7.68751e-06
0.000118927	9.96116e-06
0.000150324	1.5569e-05
2.53003e-06	4.78401e-06
1.10559e-05	6.82903e-06
1.21599e-05	5.20985e-06
2.04457e-05	6.93209e-06
4.5542e-05	5.47651e-06
5.42598e-05	8.93604e-06
5.22553e-05	5.93943e-06
7.53938e-05	1.33603e-05
8.47541e-05	5.63641e-06
0.000102062	1.02443e-05
0.000130235	7.13773e-06
0.00015424	1.75101e-05
0.000157963	1.00814e-05
4.03204e-05	1.27036e-05
6.36919e-05	9.97772e-06
7.141e-05	8.99587e-06
0.00012079	1.37779e-05
8.85489e-05	7.44581e-06
8.83558e-05	1.46987e-05
7.46703e-05	7.52029e-06
6.46903e-05	7.17649e-06
9.29711e-05	8.20177e-06
5.61411e-05	6.00602e-06
0.000124418	1.04638e-05
1.10617e-05	3.64474e-06
2.71795e-05	1.04505e-05
3.5665e-05	1.30977e-05
4.33579e-05	9.09855e-06
6.59378e-05	1.33107e-05
6.91389e-05	1.00799e-05
0.000130756	1.09533e-05
0.000142594	9.95926e-06
0.000135605	7.84223e-06
0.000134138	8.09759e-06
0.000142811	7.66679e-06
0.000148507	6.09316e-06
0.000166736	1.55309e-05
0.000165056	1.27394e-05
0.000164101	6.06512e-06
0.000171662	1.13466e-05
0.00018362	1.07128e-05
4.18036e-05	1.90068e-05
3.32377e-05	4.79958e-06
0.000105353	6.62854e-06
9.52563e-05	6.44003e-06
0.000143919	1.72902e-05
0.000173496	9.87433e-06
0.000117051	1.0428e-05
8.44431e-05	9.54652e-06
1.56699e-05	9.20901e-06
1.71749e-05	4.52951e-06
2.1382e-05	1.16923e-05
0.000156648	1.34219e-05
0.00010988	1.29838e-05
8.22266e-05	9.91264e-06
8.11093e-05	8.04826e-06
7.95082e-05	8.86217e-06
6.66328e-05	1.2357e-05
6.68589e-05	8.17971e-06
2.21532e-05	1.15136e-05
7.81203e-06	3.64118e-06
3.06179e-05	6.65203e-06
0.000191406	1.44376e-05
0.000146992	9.22955e-06
0.000121622	1.14397e-05
8.80618e-05	1.03819e-05
0.000198355	1.00876e-05
0.00016317	1.55217e-05
6.94785e-06	7.60247e-06
1.90862e-05	8.16592e-06
1.63015e-05	5.6698e-06
3.96084e-05	9.16973e-06
4.46579e-05	6.96822e-06
5.81492e-05	1.16596e-05
7.21216e-05	6.23406e-06
0.000109022	1.39628e-05
9.87633e-05	7.47624e-06
0.000134831	1.2593e-05
0.000134111	5.6591e-06
0.000159603	1.49256e-05
0.000156475	9.54779e-06
0.00016639	1.37837e-05
0.000168799	7.65888e-06
4.48842e-05	8.41457e-06
6.21058e-05	1.17383e-05
0.000136237	1.13706e-05
0.00013092	1.13046e-05
1.41595e-05	6.98096e-06
6.24271e-06	4.11768e-06
1.78738e-05	5.51211e-06
3.38807e-05	8.64879e-06
4.06048e-05	6.2257e-06
7.37555e-05	9.58998e-06
7.39511e-05	9.66493e-06
9.65925e-05	6.02645e-06
9.97885e-05	8.89814e-06
4.01295e-05	5.70779e-06
2.92601e-05	5.42111e-06
0.000135366	1.79475e-05
0.000105581	9.88074e-06
9.27943e-05	8.78782e-06
0.000138101	6.73482e-06
0.00017857	9.91013e-06
9.66573e-05	8.35527e-06
1.34679e-05	4.18747e-06
5.33118e-05	1.40089e-05
3.67074e-05	5.69766e-06
9.20602e-05	1.06691e-05
8.01419e-05	1.0204e-05
6.90549e-05	1.40894e-05
3.13824e-05	7.00487e-06
0.000242647	1.06417e-05
0.000175521	1.2841e-05
0.000310479	1.98696e-05
0.000118027	1.191e-05
0.00014295	1.15137e-05
9.7027e-06	8.2052e-06
2.02798e-05	4.89016e-06
3.8829e-05	9.23104e-06
4.95312e-05	5.27441e-06
5.09892e-05	7.25837e-06
6.98029e-05	6.2602e-06
8.13655e-05	1.13968e-05
7.65478e-05	8.28879e-06
9.32843e-05	9.65095e-06
0.000109334	1.03328e-05
0.000108602	4.96081e-06
0.000167457	9.04281e-06
0.000177911	1.35731e-05
2.93491e-05	8.27769e-06
9.49047e-05	1.16113e-05
0.000108028	1.3786e-05
7.01103e-05	8.92087e-06
6.3185e-05	6.31646e-06
6.10432e-05	8.41378e-06
6.69843e-05	7.35519e-06
7.29388e-05	9.00232e-06
9.25013e-05	9.8775e-06
0.000169928	1.60997e-05
0.000216196	1.78312e-05
0.000231512	1.16032e-05
4.41332e-05	1.11203e-05
0.00016669	1.00109e-05
0.000157894	1.17652e-05
5.97152e-05	5.51149e-06
7.61169e-05	1.0854e-05
0.000151505	1.10164e-05
8.81334e-05	7.08365e-06
9.7994e-05	9.65265e-06
2.70893e-05	8.85534e-06
3.42471e-05	8.27405e-06
0.000107017	1.24185e-05
0.000275024	1.14226e-05
0.000124544	6.85069e-06
0.000129227	6.99766e-06
0.000141962	1.43247e-05
0.000144123	1.1391e-05
0.000159783	1.21557e-05
0.000195568	1.09277e-05
9.76507e-05	7.40128e-06
1.82776e-05	6.54856e-06
5.23289e-05	6.1934e-06
5.43534e-05	7.34569e-06
0.000106128	6.34272e-06
0.000114714	1.12434e-05
0.000179465	1.42889e-05
0.00019691	1.70511e-05
0.00018371	1.28947e-05
0.000228326	1.15917e-05
7.63994e-05	7.67742e-06
0.000180069	1.36233e-05
8.77662e-05	8.43773e-06
8.01745e-05	9.61757e-06
8.05247e-05	4.73686e-06
6.7173e-05	5.12866e-06
0.000103362	1.00705e-05
7.20743e-05	4.90533e-06
0.000177075	1.05378e-05
0.000166704	1.15718e-05
0.000169189	1.13888e-05
5.84298e-05	9.04614e-06
3.65304e-05	6.92389e-06
0.000198198	1.27988e-05
8.45759e-05	7.5082e-06
0.000153271	1.0437e-05
0.00017607	6.61067e-06
0.000210603	8.323e-06
0.000174743	1.69783e-05
0.000161538	1.28856e-05
6.02471e-05	7.77002e-06
2.16271e-05	7.26597e-06
2.76818e-05	2.26548e-06
2.45977e-05	8.93932e-06
5.90793e-05	7.99034e-06
8.18273e-05	9.08081e-06
9.98208e-05	9.71816e-06
0.000111089	9.15895e-06
0.000119012	6.19529e-06
0.000123394	8.63115e-06
0.000132771	8.52207e-06
0.000130212	5.65609e-06
0.000134067	6.68415e-06
0.000141936	1.227e-05
0.000164086	9.76088e-06
4.54728e-05	6.51219e-06
5.14775e-05	7.88022e-06
6.13265e-05	1.12004e-05
9.22361e-05	1.12508e-05
6.1869e-05	5.79179e-06
0.000143255	9.26544e-06
0.000192648	1.42078e-05
4.82207e-05	4.9173e-06
4.798e-05	5.51127e-06
4.93233e-05	6.07028e-06
0.000124651	7.56875e-06
0.000141764	1.26945e-05
0.000142855	9.56469e-06
0.000158421	1.37274e-05
6.78425e-05	7.23575e-06
0.000134111	6.44216e-06
0.000172571	1.28033e-05
0.000148974	8.13753e-06
0.00011359	1.06588e-05
8.9717e-05	7.87121e-06
0.000178767	1.22718e-05
0.000172825	9.68509e-06
0.000133324	1.02301e-05
0.000109084	1.34845e-05
0.00010591	8.72675e-06
9.57597e-05	1.33065e-05
0.000203281	1.1394e-05
7.68738e-05	6.25789e-06
0.000174931	1.36619e-05
0.000135074	8.45922e-06
9.65779e-05	8.50859e-06
5.09151e-05	1.11347e-05
4.12609e-05	5.85906e-06
9.66172e-05	5.62667e-06
0.000101376	8.3418e-06
1.11292e-05	6.52334e-06
7.06245e-05	1.18484e-05
0.000106687	7.75535e-06
0.000154506	1.35149e-05
0.000163034	1.15767e-05
0.000217542	1.61437e-05
2.43283e-05	5.29357e-06
0.000137551	1.35367e-05
6.51053e-05	7.85071e-06
7.52087e-05	1.15815e-05
0.000128754	9.01721e-06
0.00015937	1.50663e-05
0.000189499	9.98215e-06
0.000204941	5.94216e-06
4.9e-05	1.20596e-05
0.000150595	7.85022e-06
0.000159896	1.77708e-05
2.65352e-05	1.0983e-05
1.69967e-05	2.90013e-06
2.24197e-05	5.12343e-06
8.56453e-06	6.9706e-06
4.69433e-05	6.71353e-06
3.71155e-05	6.44498e-06
3.52631e-05	5.53267e-06
0.000237801	1.04646e-05
0.000180224	1.39948e-05
0.000173555	7.89194e-06
0.000171942	1.48647e-05
0.000161806	8.08861e-06
0.000154467	1.19331e-05
0.000105072	1.62403e-05
0.000104023	9.91246e-06
9.23038e-05	8.11147e-06
6.67385e-05	9.30724e-06
3.1197e-05	8.49675e-06
0.000266518	1.89613e-05
0.000114661	7.92013e-06
0.000154091	1.40988e-05
0.000194401	1.45924e-05
0.000116191	1.12335e-05
7.99707e-05	1.06329e-05
0.000159189	1.24546e-05
0.000108404	1.05312e-05
0.000139075	7.47863e-06
3.39767e-05	4.39283e-06
0.000208717	8.18175e-06
0.000172406	8.53067e-06
0.000148282	1.29879e-05
0.000139982	1.02082e-05
7.90392e-05	7.32362e-06
0.000208117	1.61337e-05
3.73649e-05	6.97133e-06
3.58133e-05	5.50379e-06
5.71784e-05	5.14898e-06
5.85258e-05	7.73227e-06
0.000114615	9.33696e-06
0.000185084	1.74236e-05
0.000164951	1.10927e-05
1.64948e-05	7.88595e-06
2.62986e-05	8.31429e-06
2.82878e-05	8.96449e-06
8.78754e-05	1.98602e-05
0.000115869	9.01462e-06
0.000151605	1.93224e-05
0.000165394	1.13555e-05
5.29213e-05	1.01728e-05
5.20561e-05	7.31197e-06
6.67458e-05	1.05484e-05
4.28224e-05	7.50347e-06
3.78146e-05	5.64377e-06
0.000145831	1.26964e-05
0.000124227	9.80383e-06
9.99673e-05	7.17569e-06
5.8675e-05	9.28633e-06
5.0317e-05	1.00612e-05
3.95671e-05	6.24094e-06
0.000201134	1.47544e-05
7.23986e-05	8.01191e-06
6.34092e-05	6.39824e-06
0.000212143	1.32738e-05
0.000171431	1.0695e-05
0.000136106	7.31331e-06
0.000121238	1.32224e-05
0.000124544	5.47801e-06
0.000115497	5.33708e-06
0.0001079	1.09312e-05
0.000102093	3.92499e-06
0.000104662	6.79723e-06
0.000151802	1.17893e-05
0.000137691	1.00949e-05
0.000151164	1.08928e-05
0.00028227	1.88411e-05
0.000122251	7.75579e-06
2.00463e-05	1.39874e-05
1.72443e-05	5.11504e-06
2.19452e-05	5.80486e-06
7.54433e-05	1.01901e-05
7.82989e-05	1.07694e-05
0.000105328	5.09686e-06
0.000108639	4.99419e-06
0.00017186	1.12615e-05
4.1639e-05	7.9313e-06
5.16509e-05	7.88024e-06
3.40318e-05	6.11722e-06
4.95334e-05	6.39519e-06
5.18322e-05	1.30209e-05
9.35832e-05	8.28003e-06
0.000124239	1.02843e-05
5.52601e-05	8.96733e-06
6.26258e-05	6.06273e-06
0.000100396	7.99142e-06
7.15991e-05	9.67859e-06
0.000109457	1.07339e-05
9.63092e-05	6.87063e-06
8.52465e-05	7.68094e-06
5.50974e-05	2.77814e-06
9.53355e-05	9.4503e-06
5.82344e-05	6.45359e-06
1.43111e-05	6.06677e-06
9.0337e-06	5.43233e-06
4.5259e-05	6.23042e-06
9.2922e-05	7.79003e-06
0.000104097	1.30241e-05
0.000121505	1.14535e-05
0.000136566	1.16359e-05
0.000146245	8.37971e-06
0.000183349	1.73582e-05
4.50697e-05	5.71982e-06
3.12498e-05	8.16449e-06
4.78221e-05	9.03733e-06
0.000106822	1.26252e-05
6.12163e-05	6.96989e-06
9.38722e-05	1.37304e-05
7.83259e-05	7.92224e-06
0.000150595	8.08777e-06
2.28626e-05	6.2294e-06
2.10479e-05	5.73389e-06
2.30469e-05	5.09639e-06
1.29745e-05	4.29639e-06
5.77378e-05	1.22834e-05
0.000225868	1.33035e-05
0.000216399	8.73067e-06
0.000159316	1.31615e-05
0.000160411	1.46522e-05
0.000137339	1.1201e-05
0.000132677	1.20536e-05
0.000125822	1.15739e-05
0.000121819	1.23936e-05
0.000103803	8.72006e-06
9.73371e-05	7.90057e-06
8.31807e-05	1.04604e-05
5.40984e-05	1.54118e-05
2.30056e-05	3.64444e-06
0.000252682	1.93797e-05
8.88322e-05	8.00016e-06
0.000126404	6.42493e-06
0.000142186	6.47422e-06
2.22442e-05	8.01123e-06
1.20185e-05	4.55171e-06
3.16168e-05	6.61379e-06
0.000229294	1.20773e-05
0.000191966	1.63804e-05
0.000151373	1.07547e-05
0.000142733	8.62465e-06
0.000146367	4.81245e-06
0.000136675	8.68989e-06
0.000124544	6.74553e-06
0.000100226	6.7146e-06
9.1035e-05	9.5963e-06
7.28204e-05	1.02232e-05
6.30102e-05	1.18675e-05
5.48951e-05	6.12251e-06
5.57638e-05	7.74742e-06
3.77087e-05	8.09843e-06
2.9899e-05	3.26918e-06
8.32548e-05	6.85665e-06
5.4134e-05	5.78137e-06
8.47505e-05	8.55342e-06
6.8775e-05	1.39089e-05
0.000148079	8.21476e-06
5.78052e-05	7.37022e-06
0.000159473	1.02669e-05
3.51083e-05	6.31024e-06
5.19033e-05	8.06208e-06
9.09267e-05	1.02251e-05
8.51918e-05	8.873e-06
0.000107434	8.8779e-06
0.000137444	1.16929e-05
0.000183133	1.9536e-05
0.000132172	9.80705e-06
9.18519e-05	1.06701e-05
0.000190661	1.15161e-05
0.000224666	1.52479e-05
0.000222332	7.89999e-06
8.91629e-05	5.12095e-06
9.00788e-05	1.30933e-05
0.000196126	1.16986e-05
0.000157977	1.4159e-05
0.000126844	1.13042e-05
0.000122683	4.31879e-06
1.85151e-05	6.36992e-06
5.68549e-05	6.35288e-06
8.45434e-05	1.02617e-05
0.000102047	1.11547e-05
0.000103307	9.79375e-06
0.000116373	9.6374e-06
0.000130748	8.14146e-06
0.000181834	1.00542e-05
3.19905e-05	7.61285e-06
2.51212e-05	2.60272e-06
5.06978e-05	8.39367e-06
8.24243e-05	1.02575e-05
9.66761e-05	1.10937e-05
0.000115462	6.07571e-06
0.000261629	1.37853e-05
0.000189243	1.56754e-05
0.000190507	1.03972e-05
0.000173608	6.77823e-06
0.000157986	8.86197e-06
0.000149577	7.75508e-06
0.000144088	1.00557e-05
0.000102916	1.69683e-05
0.000118737	1.20693e-05
0.000115462	7.43152e-06
0.000101452	1.62345e-05
6.56644e-05	1.2547e-05
6.19317e-05	1.09586e-05
5.53957e-05	7.96694e-06
0.00021406	1.53588e-05
0.000104222	9.00075e-06
0.00014221	7.45436e-06
0.000125466	8.76178e-06
8.7583e-05	8.07397e-06
0.000161013	1.914e-05
0.000167964	9.49947e-06
0.000167718	1.1849e-05
0.000130031	1.23213e-05
0.000165946	1.78595e-05
6.56509e-05	9.07038e-06
8.15403e-05	1.05583e-05
0.000199487	1.74812e-05
0.000126405	5.4156e-06
0.000161806	9.01147e-06
0.000208583	1.43641e-05
2.89994e-05	3.25111e-06
7.84634e-05	1.70962e-05
0.000159532	8.794e-06
0.000198289	9.93835e-06
7.57675e-05	9.78139e-06
0.000149099	1.2332e-05
0.000132207	8.46724e-06
9.8957e-05	5.56827e-06
9.1031e-05	8.54333e-06
1.27625e-05	9.05985e-06
3.94285e-05	7.68288e-06
7.29718e-05	6.77278e-06
7.98407e-05	7.89695e-06
8.56949e-05	1.13132e-05
0.000110455	1.36045e-05
0.000115497	5.95017e-06
0.000124646	1.09011e-05
0.000143989	1.15213e-05
0.000142137	7.55203e-06
4.00332e-05	1.42792e-05
0.000103337	1.2656e-05
0.000125871	1.24685e-05
5.86212e-05	1.12984e-05
2.95036e-05	8.39932e-06
0.000266097	1.5654e-05
0.000143966	9.85302e-06
0.000119753	1.26333e-05
0.000111193	1.46261e-05
8.65234e-05	1.26616e-05
7.07212e-05	1.17279e-05
0.000129984	1.44387e-05
0.000152451	1.57958e-05
0.000210576	1.46844e-05
0.000171203	6.69243e-06
0.000150269	1.10194e-05
4.7427e-05	3.35103e-06
3.04183e-05	4.12214e-06
0.000199818	1.66999e-05
0.000179393	1.28311e-05
0.000161097	1.57494e-05
0.000161283	1.21232e-05
8.11108e-05	7.07742e-06
7.25296e-05	8.90103e-06
5.36465e-05	6.02644e-06
4.24098e-05	3.91887e-06
4.68418e-05	6.0649e-06
0.000160451	8.50757e-06
0.00014717	1.26784e-05
7.61116e-05	5.2967e-06
0.000170138	1.15184e-05
0.000150647	6.03993e-06
0.000182309	8.02257e-06
0.000216356	1.25075e-05
0.000234669	1.12323e-05
0.000260482	1.53433e-05
1.23153e-05	5.20863e-06
1.46212e-05	3.29104e-06
2.75271e-05	6.33149e-06
3.80922e-05	1.04698e-05
9.1285e-05	8.94808e-06
0.000114217	1.49847e-05
0.000143026	1.54834e-05
0.000173663	1.35913e-05
6.50728e-05	5.10307e-06
0.000116942	8.30286e-06
0.00010894	1.06275e-05
0.000146386	7.69474e-06
9.58632e-05	5.98789e-06
0.000188727	7.05025e-06
0.00012981	9.18582e-06
6.98282e-05	6.41132e-06
6.72515e-05	1.31005e-05
9.07333e-05	1.06852e-05
0.000131224	1.01654e-05
0.00020837	1.46059e-05
3.51319e-05	8.01215e-06
2.8143e-05	4.97403e-06
0.000104768	1.62301e-05
6.21006e-05	8.71892e-06
7.78351e-06	5.72666e-06
0.000210257	1.33942e-05
0.000135776	8.9121e-06
0.000121832	1.37105e-05
0.000101411	1.13931e-05
9.70106e-05	9.85502e-06
7.9108e-05	8.21676e-06
0.000114812	1.18934e-05
0.000105442	8.73913e-06
0.000142684	9.34424e-06
0.000214985	9.8884e-06
1.60074e-05	3.47566e-06
2.21679e-05	4.6952e-06
7.30043e-06	4.72386e-06
4.18894e-05	7.72475e-06
0.000214175	1.10581e-05
0.000140813	1.70203e-05
0.000105746	1.20658e-05
0.000107616	1.00728e-05
9.896e-05	1.04139e-05
8.98136e-05	6.33097e-06
8.4507e-05	9.35542e-06
0.000137852	1.13866e-05
0.000201502	1.19885e-05
0.000155027	6.3329e-06
0.000189971	1.358e-05
0.000141521	8.45723e-06
0.0001294	1.62034e-05
0.000107345	7.02191e-06
0.000164361	1.48419e-05
0.000225299	1.14075e-05
0.000160415	1.00313e-05
0.00022839	1.34726e-05
0.000270034	1.37138e-05
4.42322e-05	1.04354e-05
4.85021e-05	1.18876e-05
5.0992e-05	3.66442e-06
0.00010238	1.24791e-05
0.000114596	1.38887e-05
0.000114119	1.30767e-05
0.000154805	1.31302e-05
3.50232e-05	9.28062e-06
4.21008e-05	5.66447e-06
3.07051e-05	5.01255e-06
6.35853e-05	5.76921e-06
0.000106556	1.02232e-05
0.000265668	1.60916e-05
5.42169e-05	8.82584e-06
9.09527e-05	1.88261e-05
0.000185627	1.28881e-05
6.1587e-05	6.93819e-06
0.00016045	8.08503e-06
0.000109954	9.84224e-06
0.000214467	8.91393e-06
7.2071e-05	7.23434e-06
9.30118e-05	1.33667e-05
0.000117846	1.57422e-05
0.000110175	1.33991e-05
0.00013954	1.37476e-05
0.000134843	1.39307e-05
0.000134156	1.17849e-05
0.000240869	1.31812e-05
0.000231119	1.35192e-05
0.000136948	1.22678e-05
0.0001063	9.50517e-06
0.000149564	1.91053e-05
0.000125422	9.93018e-06
6.2238e-06	4.52492e-06
3.3473e-05	6.87016e-06
0.000166846	1.10497e-05
0.00012935	1.185e-05
0.000134111	6.63278e-06
0.000130636	8.3852e-06
0.000128943	6.52275e-06
6.5808e-05	1.44459e-05
6.91202e-05	6.46553e-06
5.11323e-05	6.36553e-06
0.000144619	1.69954e-05
0.0002033	1.35279e-05
0.000114865	9.43499e-06
0.000189921	1.3084e-05
0.000118624	1.07628e-05
0.000135707	7.75083e-06
0.000260218	1.64573e-05
0.000294528	1.10369e-05
6.48394e-05	5.14416e-06
1.72967e-05	5.71188e-06
1.13356e-05	6.4222e-06
2.99364e-05	8.85234e-06
4.15254e-05	9.69518e-06
6.04082e-05	8.5672e-06
5.85642e-05	5.2636e-06
8.01563e-05	8.81533e-06
9.50018e-05	1.27544e-05
0.000132103	1.4609e-05
0.000148507	7.59137e-06
0.000148739	1.46124e-05
0.000177991	1.5628e-05
2.5591e-05	5.22075e-06
4.45895e-05	7.23304e-06
3.26841e-05	8.22531e-06
3.43732e-05	5.86672e-06
3.38326e-05	2.88644e-06
0.000102159	1.32904e-05
0.00011424	1.28126e-05
9.51878e-05	9.10445e-06
0.00016659	1.25754e-05
0.000137533	1.19395e-05
2.02042e-05	4.41973e-06
3.46089e-05	5.07952e-06
0.000111551	9.67747e-06
0.0001133	8.04278e-06
0.000123585	8.7531e-06
0.000155408	1.16471e-05
6.49861e-05	7.44777e-06
4.18185e-05	8.66188e-06
3.34869e-05	3.25137e-06
0.000169138	1.73664e-05
0.000166064	1.54529e-05
0.000147002	1.62851e-05
0.000149615	9.25372e-06
0.000155027	6.31469e-06
0.000146367	6.28528e-06
0.000127845	1.04611e-05
0.000164147	1.55562e-05
2.40277e-05	4.82378e-06
0.000228925	1.86102e-05
0.000203591	9.32006e-06
0.000139712	1.82966e-05
0.000119742	1.68436e-05
0.000109172	9.66357e-06
6.9754e-05	1.11902e-05
3.88651e-05	9.05285e-06
0.000102348	9.37898e-06
0.000237164	1.11663e-05
5.57975e-05	5.76256e-06
9.03875e-05	1.21744e-05
0.000122608	1.06458e-05
7.31962e-05	7.5444e-06
9.70006e-05	7.97846e-06
0.000124501	9.40756e-06
0.000225368	9.96794e-06
1.63311e-05	3.98914e-06
1.75123e-05	6.81817e-06
4.49956e-05	5.29251e-06
4.34391e-05	4.0184e-06
4.55907e-05	4.35181e-06
6.10326e-05	7.60874e-06
6.88225e-05	6.94983e-06
8.39197e-05	7.89326e-06
0.000108898	1.00819e-05
3.04889e-05	6.67853e-06
4.0816e-05	1.05977e-05
2.50882e-05	2.785e-06
3.3637e-05	6.94938e-06
4.18005e-05	3.39607e-06
4.39111e-05	3.5725e-06
4.58528e-05	3.41092e-06
4.89474e-05	4.43568e-06
0.000108961	1.71031e-05
0.00013627	1.2525e-05
0.000228404	1.0164e-05
8.88925e-05	6.12172e-06
8.43956e-05	1.61569e-05
0.00011206	1.17931e-05
0.000119792	7.30311e-06
0.000150647	7.57193e-06
0.00016645	8.30848e-06
0.000174839	8.59588e-06
4.85666e-05	7.10431e-06
4.2153e-05	5.77849e-06
8.63542e-05	1.7565e-05
7.10146e-05	1.32756e-05
0.000187173	1.35798e-05
0.000138798	8.50379e-06
0.000137006	1.09787e-05
0.00013301	6.43563e-06
0.000118949	1.06239e-05
8.57574e-05	1.24107e-05
0.000104414	7.26455e-06
0.000183603	1.05965e-05
0.000112724	1.29181e-05
7.72771e-05	6.47159e-06
2.67893e-05	6.04692e-06
3.1829e-05	5.82367e-06
7.10732e-05	3.99876e-06
0.000185529	1.17892e-05
0.000264476	1.22295e-05
5.06692e-05	4.71617e-06
0.000173608	6.8043e-06
8.55977e-05	5.58865e-06
0.000190839	9.53662e-06
0.000116224	7.33671e-06
2.78495e-05	9.49632e-06
3.59587e-05	1.3316e-05
4.60816e-05	7.96565e-06
4.99245e-05	1.7618e-05
7.90092e-05	7.1737e-06
7.95405e-05	9.9006e-06
0.000105592	1.02818e-05
0.000112028	4.16155e-06
4.83133e-05	5.22385e-06
0.000179987	1.00393e-05
9.28988e-05	6.41729e-06
0.00019385	1.33146e-05
0.000149948	1.32528e-05
7.80392e-05	7.93335e-06
0.000136107	5.82058e-06
0.000146438	1.22741e-05
0.000125968	1.81183e-05
0.000148909	1.30604e-05
0.000148234	1.00902e-05
8.24557e-05	6.81604e-06
7.44987e-05	1.13406e-05
7.94041e-05	9.6533e-06
5.9399e-05	2.89603e-06
0.000216445	1.11161e-05
8.25159e-05	6.02903e-06
8.46456e-05	5.88268e-06
0.000163415	9.97532e-06
0.000163226	9.82236e-06
4.30681e-05	5.78632e-06
0.000142567	1.03024e-05
0.000118734	9.5784e-06
0.000108602	4.89714e-06
5.30026e-05	3.3867e-06
4.7427e-05	3.55556e-06
3.84109e-05	7.84133e-06
4.74636e-05	4.43053e-06
5.14063e-05	4.31899e-06
6.69122e-05	7.0149e-06
0.000150538	1.153e-05
8.82565e-05	7.18878e-06
0.000211451	1.15174e-05
6.74792e-05	7.02225e-06
0.000195371	1.65227e-05
0.000142166	1.32709e-05
5.61603e-05	4.50407e-06
0.000308604	1.49639e-05
1.39535e-05	7.10905e-06
9.58303e-05	6.00424e-06
0.000134049	9.66093e-06
0.000169334	1.26653e-05
0.00016184	1.89531e-05
7.93092e-05	5.38312e-06
8.52938e-05	7.54364e-06
0.000159416	1.81543e-05
0.000185317	1.43339e-05
7.13142e-05	9.88496e-06
0.000118283	1.0734e-05
0.000148762	9.32238e-06
6.0883e-05	6.03504e-06
8.32548e-05	7.19053e-06
5.9607e-05	6.11132e-06
0.000222264	9.10776e-06
0.000177037	1.25394e-05
0.000144286	1.35082e-05
7.80887e-05	7.99766e-06
0.000143501	1.13104e-05
9.28292e-05	4.62621e-06
9.48442e-05	1.02208e-05
0.000198924	1.29007e-05
0.000193467	1.5425e-05
0.000175754	1.09219e-05
0.00017518	1.11844e-05
0.000134822	1.85666e-05
0.000127482	1.40522e-05
7.70161e-05	9.70397e-06
6.49121e-05	6.98323e-06
6.52902e-05	6.05776e-06
3.32906e-05	5.13459e-06
5.06619e-05	7.24267e-06
8.42078e-05	5.49654e-06
8.7816e-05	8.24043e-06
0.000149286	1.02777e-05
8.34094e-05	9.46071e-06
7.46006e-05	5.48029e-06
4.12216e-05	8.927e-06
3.35459e-05	4.62845e-06
2.46181e-05	3.87374e-06
0.000229617	1.62235e-05
0.000161811	1.54143e-05
0.000105328	5.05323e-06
9.13266e-05	6.24691e-06
7.64685e-05	8.24874e-06
7.73304e-05	5.89786e-06
5.61113e-05	6.30277e-06
3.3834e-05	7.95265e-06
9.95225e-05	8.76711e-06
3.03709e-05	6.06481e-06
2.62956e-05	5.23459e-06
3.98622e-05	1.20484e-05
6.36606e-05	8.88261e-06
8.98595e-05	5.65084e-06
0.000104527	9.86149e-06
0.000106238	9.65778e-06
0.000118266	1.06442e-05
0.000130227	8.8203e-06
0.000135848	8.52873e-06
0.000136137	7.79709e-06
0.000141367	9.20525e-06
0.000154141	1.37064e-05
0.000164101	7.63341e-06
0.000187219	1.07664e-05
4.82161e-05	9.39507e-06
0.00021063	1.03871e-05
0.000139083	9.51637e-06
0.00013881	1.53072e-05
5.26422e-05	4.96665e-06
6.46862e-05	6.83017e-06
0.000108536	6.47392e-06
9.22116e-06	6.44462e-06
2.41854e-05	8.07444e-06
4.53614e-05	5.37278e-06
4.52267e-05	3.99712e-06
8.39567e-05	1.55344e-05
7.50464e-05	9.37091e-06
7.74223e-05	6.69114e-06
9.13142e-05	6.74948e-06
9.93305e-05	9.40177e-06
0.000105349	7.09593e-06
0.000116231	9.07445e-06
0.000162343	1.52229e-05
3.90447e-05	6.74829e-06
0.000157269	8.09751e-06
9.96908e-05	6.66655e-06
8.27441e-05	7.25395e-06
0.000136771	6.54253e-06
0.000130235	7.06233e-06
2.08462e-05	6.71935e-06
1.99899e-05	4.57666e-06
1.33252e-05	5.11352e-06
3.6347e-05	5.54102e-06
2.84637e-05	4.40279e-06
0.000197005	1.83946e-05
0.000130869	1.1026e-05
0.000134422	1.81778e-05
0.000109969	8.09584e-06
9.83474e-05	9.05609e-06
8.94044e-05	1.59535e-05
8.60691e-05	7.45963e-06
6.64894e-05	6.58319e-06
6.15198e-05	8.19208e-06
5.40323e-05	5.66414e-06
0.000135233	1.08944e-05
0.000148041	1.33013e-05
6.28221e-05	7.24654e-06
9.29767e-05	1.1958e-05
8.17947e-05	7.95389e-06
5.83105e-05	9.58053e-06
0.000232288	1.7021e-05
0.000188965	1.31222e-05
0.000161999	1.10983e-05
8.34902e-05	7.89005e-06
9.19937e-05	6.903e-06
7.56247e-05	7.13507e-06
0.000158562	8.83995e-06
0.000156323	9.65759e-06
0.00013923	1.88885e-05
0.000141323	8.184e-06
0.000124255	8.33534e-06
9.03547e-05	7.5451e-06
0.000100101	7.88738e-06
1.73283e-05	1.29186e-05
1.16428e-05	7.7313e-06
3.10304e-05	8.58446e-06
4.13034e-05	6.29218e-06
8.65225e-05	1.21489e-05
8.50722e-05	9.2613e-06
8.32615e-05	6.3698e-06
7.79553e-05	1.68236e-05
0.000117416	1.05772e-05
0.000137241	1.10158e-05
0.000151438	1.55302e-05
0.000197065	1.20851e-05
2.55332e-05	8.08813e-06
3.52603e-05	8.27464e-06
5.49867e-05	8.5347e-06
3.27149e-05	7.26372e-06
0.000132705	1.77783e-05
9.54247e-05	6.75511e-06
0.000151263	1.51142e-05
0.000120802	1.20078e-05
2.14541e-05	4.46775e-06
7.20743e-05	5.50813e-06
7.40883e-05	5.25218e-06
8.98857e-05	1.07821e-05
9.89002e-05	1.57849e-05
9.6593e-05	8.33696e-06
0.000104753	8.51196e-06
0.000102135	1.84551e-05
0.00011543	1.02513e-05
0.000131529	1.04094e-05
0.000137545	1.54997e-05
0.000158638	1.70121e-05
7.17745e-05	9.87852e-06
8.49794e-05	1.02434e-05
0.000110333	6.49311e-06
6.05049e-05	5.85886e-06
2.37681e-05	4.28447e-06
1.82568e-05	4.89875e-06
4.42325e-05	1.37599e-05
4.61816e-05	8.48575e-06
0.000150597	8.34362e-06
0.000142068	9.52709e-06
9.58095e-05	1.41015e-05
7.90394e-05	1.66983e-05
9.02292e-05	8.55594e-06
9.53338e-05	8.58955e-06
7.32252e-05	1.11886e-05
4.34287e-05	7.79974e-06
0.00013739	8.54551e-06
0.000144276	7.33765e-06
0.000154543	1.03737e-05
4.54976e-05	5.68006e-06
3.55968e-05	7.2924e-06
0.000168683	1.32866e-05
0.000148796	9.82434e-06
0.000142186	4.94267e-06
0.000126873	1.25819e-05
0.000103768	9.40452e-06
9.01611e-05	7.92628e-06
4.90796e-05	3.56858e-06
2.4523e-05	5.00928e-06
9.47738e-05	8.69646e-06
0.000230475	9.20732e-06
7.68229e-06	9.33973e-06
3.27911e-05	4.55872e-06
6.19116e-05	9.06605e-06
0.000108672	1.43862e-05
0.000117865	6.07871e-06
0.000123417	7.36025e-06
0.000134142	6.52977e-06
0.000140581	1.20958e-05
0.000150637	1.63966e-05
0.00017463	1.61397e-05
0.000200021	1.44918e-05
4.13889e-05	9.83163e-06
4.95052e-05	4.35449e-06
6.17294e-05	1.04879e-05
0.000105782	1.02459e-05
7.94608e-05	7.35452e-06
9.6499e-05	9.84399e-06
8.64666e-05	1.08676e-05
0.000121797	1.48071e-05
5.50975e-05	3.70209e-06
0.000145779	1.42967e-05
0.000211416	1.1506e-05
0.000200226	1.36289e-05
0.000243796	1.3026e-05
2.43424e-05	6.49805e-06
5.05323e-05	5.37351e-06
6.10777e-05	1.04257e-05
7.5662e-05	9.47688e-06
9.39572e-05	1.05243e-05
9.04152e-05	9.85145e-06
0.000128797	1.2012e-05
0.000133693	1.26192e-05
0.000149237	8.05904e-06
0.00016826	1.36397e-05
0.000185009	1.32351e-05
0.000173608	6.77775e-06
0.000177869	1.07186e-05
3.0057e-05	5.27839e-06
9.3146e-05	1.65356e-05
6.92218e-05	5.06717e-06
0.0001546	1.61354e-05
0.000125011	1.25284e-05
0.000140072	1.28066e-05
8.31708e-05	1.14938e-05
6.97602e-05	9.13732e-06
0.000117507	8.00001e-06
5.76311e-05	9.18787e-06
0.000139123	7.40882e-06
0.000144276	7.42497e-06
1.58919e-05	5.77572e-06
0.000112649	1.45724e-05
8.98826e-05	4.61112e-06
7.65859e-05	1.35463e-05
3.51393e-05	6.10226e-06
4.27655e-05	5.33515e-06
0.000269512	1.41448e-05
0.000139093	1.23156e-05
2.76791e-05	6.33544e-06
1.10987e-05	3.87809e-06
2.65596e-05	5.78657e-06
0.000203417	1.00268e-05
0.000154952	1.16491e-05
0.000141706	1.26698e-05
0.000129163	8.11826e-06
0.000105331	1.65385e-05
0.000104843	1.62976e-05
9.43414e-05	1.13811e-05
4.40915e-05	8.13827e-06
2.99981e-05	6.00589e-06
0.00015231	1.29367e-05
5.58882e-05	6.16495e-06
5.15913e-05	5.43091e-06
2.45977e-05	8.93932e-06
5.90793e-05	7.99034e-06
8.18273e-05	9.08081e-06
9.98208e-05	9.71816e-06
0.000111089	9.15895e-06
0.000119012	6.19529e-06
0.000123394	8.63115e-06
0.000132771	8.52207e-06
0.000130212	5.65609e-06
0.000134067	6.68415e-06
0.000141936	1.227e-05
0.000164086	9.76088e-06
4.54728e-05	6.51219e-06
5.14775e-05	7.88022e-06
6.13265e-05	1.12004e-05
9.22361e-05	1.12508e-05
6.1869e-05	5.79179e-06
0.000143255	9.26544e-06
0.000192648	1.42078e-05
4.82207e-05	4.9173e-06
4.798e-05	5.51127e-06
4.93233e-05	6.07028e-06
0.000124651	7.56875e-06
0.000141764	1.26945e-05
0.000142855	9.56469e-06
0.000158421	1.37274e-05
6.78425e-05	7.23575e-06
0.000134111	6.44216e-06
0.000172571	1.28033e-05
0.000148974	8.13753e-06
0.00011359	1.06588e-05
8.9717e-05	7.87121e-06
0.000178767	1.22718e-05
0.000172825	9.68509e-06
0.000133324	1.02301e-05
0.000109084	1.34845e-05
0.00010591	8.72675e-06
9.57597e-05	1.33065e-05
0.000203281	1.1394e-05
7.68738e-05	6.25789e-06
0.000174931	1.36619e-05
0.000135074	8.45922e-06
9.65779e-05	8.50859e-06
5.09151e-05	1.11347e-05
4.12609e-05	5.85906e-06
9.66172e-05	5.62667e-06
0.000101376	8.3418e-06
5.38056e-05	9.0806e-06
5.64973e-05	5.08826e-06
0.000114815	1.96292e-05
0.000110876	1.67701e-05
0.000171937	1.70943e-05
0.000103314	1.4003e-05
0.000164036	1.15776e-05
0.000137907	1.278e-05
0.000166486	9.39798e-06
0.000154921	7.60063e-06
0.000225975	1.06715e-05
2.26311e-05	6.14617e-06
2.01141e-05	6.05686e-06
3.46521e-05	7.64777e-06
4.73232e-05	5.41992e-06
0.000190501	1.13323e-05
0.000263691	1.20809e-05
0.000117766	9.26677e-06
8.73107e-05	1.48483e-05
6.5172e-05	1.53967e-05
7.29222e-05	8.14701e-06
7.81045e-05	5.1988e-06
0.000136005	1.12542e-05
6.38986e-05	6.08696e-06
9.13559e-05	5.50955e-06
3.90919e-05	8.44536e-06
0.000149313	1.54799e-05
0.000145215	8.41351e-06
0.000129788	9.53057e-06
8.84058e-05	1.90953e-05
0.000102093	4.95379e-06
2.36826e-05	3.096e-06
4.23413e-05	6.84036e-06
6.01393e-05	1.04414e-05
6.80135e-05	4.98568e-06
0.000130128	8.28673e-06
0.000110648	6.84319e-06
0.000174416	1.20413e-05
0.000106166	1.04044e-05
9.83881e-05	6.73204e-06
6.01668e-05	5.92109e-06
0.000106948	8.40574e-06
7.11875e-05	8.12694e-06
0.000148216	1.08948e-05
0.000113391	6.92772e-06
5.32494e-05	5.64116e-06
6.32726e-05	6.61547e-06
2.44338e-05	6.52039e-06
5.19527e-05	6.06915e-06
0.000149326	1.77124e-05
0.000166721	1.46705e-05
0.00017753	1.17304e-05
0.000122239	1.3213e-05
0.000207839	9.62744e-06
6.605e-05	6.77705e-06
7.91644e-05	9.45809e-06
1.13153e-05	4.01735e-06
3.9902e-05	4.20976e-06
4.08899e-05	5.51657e-06
7.78297e-05	7.70808e-06
0.000131743	1.11825e-05
0.000180046	1.14686e-05
0.000185222	1.36298e-05
0.000197106	1.63813e-05
0.000115062	1.96889e-05
0.000132597	1.29027e-05
7.11811e-05	9.05605e-06
0.000116524	7.8473e-06
6.16409e-05	7.88155e-06
0.000253539	1.85335e-05
0.000235827	1.5198e-05
0.000215382	1.13079e-05
0.000250252	1.76977e-05
9.8951e-05	6.07895e-06
4.00396e-05	7.56724e-06
0.000165944	8.55403e-06
0.000161181	1.03013e-05
0.00013834	1.31488e-05
7.88415e-05	8.02125e-06
6.7607e-05	1.01441e-05
0.000140208	1.06245e-05
0.000126067	9.04317e-06
0.000111396	1.146e-05
7.87032e-05	8.97136e-06
9.13281e-05	6.61952e-06
9.74399e-05	9.97085e-06
7.94115e-05	6.85391e-06
1.81138e-05	5.67028e-06
1.98215e-05	5.66435e-06
3.50621e-05	3.16296e-06
3.63921e-05	9.47854e-06
6.1771e-05	9.1057e-06
8.065e-05	5.97628e-06
8.14162e-05	4.33585e-06
8.93361e-05	1.23503e-05
9.07923e-05	7.46759e-06
0.000168767	9.7631e-06
4.88484e-05	5.23889e-06
2.8723e-05	4.3939e-06
5.43169e-05	9.57203e-06
0.000112181	9.33643e-06
0.000191102	1.43671e-05
0.000158367	1.50476e-05
0.000220026	1.75992e-05
0.00023933	1.05625e-05
7.56611e-05	7.17024e-06
0.000191336	1.26927e-05
0.000185569	1.1177e-05
0.000220974	1.84722e-05
0.000248158	1.3264e-05
0.000174888	1.01106e-05
9.56557e-05	1.06989e-05
7.61719e-05	1.08002e-05
6.12998e-05	1.06205e-05
0.000206508	1.22621e-05
0.00016692	8.58467e-06
0.000248944	1.3221e-05
0.000144973	7.04893e-06
0.000149578	1.13532e-05
0.000234669	9.3771e-06
0.000234643	1.53968e-05
4.28263e-05	9.2776e-06
0.000152297	1.61751e-05
0.000121733	7.44189e-06
0.000119039	1.23915e-05
0.000119049	5.55402e-06
7.98964e-05	9.8981e-06
5.88971e-05	8.1378e-06
2.50863e-05	3.14296e-06
0.000108419	1.36676e-05
0.000184101	1.48996e-05
6.90212e-05	1.08508e-05
5.28578e-05	5.54562e-06
0.00017639	1.3544e-05
0.000164101	7.04649e-06
4.6833e-05	4.85053e-06
4.82979e-05	5.27048e-06
4.20216e-05	5.33976e-06
0.000187102	1.6983e-05
0.000180146	1.67773e-05
0.000130288	8.2018e-06
0.000136065	8.26017e-06
0.000116774	1.12057e-05
0.000116797	9.53599e-06
9.84594e-05	9.33643e-06
9.46312e-05	1.10466e-05
8.02658e-05	9.05045e-06
8.74615e-05	1.39923e-05
6.37274e-05	7.82859e-06
5.93525e-05	4.64815e-06
2.79479e-05	6.68557e-06
2.82631e-05	3.47646e-06
7.70444e-05	7.25071e-06
0.000126199	1.14991e-05
2.45977e-05	8.93932e-06
5.90793e-05	7.99034e-06
8.18273e-05	9.08081e-06
9.98208e-05	9.71816e-06
0.000111089	9.15895e-06
0.000119012	6.19529e-06
0.000123394	8.63115e-06
0.000132771	8.52207e-06
0.000130212	5.65609e-06
0.000134067	6.68415e-06
0.000141936	1.227e-05
0.000164086	9.76088e-06
4.54728e-05	6.51219e-06
5.14775e-05	7.88022e-06
6.13265e-05	1.12004e-05
9.22361e-05	1.12508e-05
6.1869e-05	5.79179e-06
0.000143255	9.26544e-06
0.000192648	1.42078e-05
4.82207e-05	4.9173e-06
4.798e-05	5.51127e-06
4.93233e-05	6.07028e-06
0.000124651	7.56875e-06
0.000141764	1.26945e-05
0.000142855	9.56469e-06
0.000158421	1.37274e-05
6.78425e-05	7.23575e-06
0.000134111	6.44216e-06
0.000172571	1.28033e-05
0.000148974	8.13753e-06
0.00011359	1.06588e-05
8.9717e-05	7.87121e-06
0.000178767	1.22718e-05
0.000172825	9.68509e-06
0.000133324	1.02301e-05
0.000109084	1.34845e-05
0.00010591	8.72675e-06
9.57597e-05	1.33065e-05
0.000203281	1.1394e-05
7.68738e-05	6.25789e-06
0.000174931	1.36619e-05
0.000135074	8.45922e-06
9.65779e-05	8.50859e-06
5.09151e-05	1.11347e-05
4.12609e-05	5.85906e-06
9.66172e-05	5.62667e-06
0.000101376	8.3418e-06
