3.19841e-05	6.6032e-12
4.13361e-05	7.58136e-12
9.24484e-05	3.58275e-11
0.000127522	8.77033e-11
0.000152813	1.56558e-11
0.000158741	3.04014e-11
0.000162499	1.07369e-10
4.09029e-05	4.28111e-12
9.0427e-05	1.24594e-10
7.47951e-05	3.37514e-11
0.000135356	2.2553e-11
0.000119287	1.49654e-11
6.31072e-06	8.84947e-12
2.35779e-05	2.41078e-11
4.79994e-05	9.02589e-12
6.22482e-05	3.16537e-11
6.76045e-05	3.46225e-12
9.97186e-05	1.59256e-10
9.29841e-05	2.13391e-11
0.000112911	2.61113e-11
0.000120866	6.55129e-12
0.000208121	3.54702e-11
3.96882e-05	1.805e-11
3.39667e-05	1.27949e-11
0.000152447	1.674e-10
7.0075e-05	1.99119e-11
0.000174092	2.51809e-11
7.84928e-05	7.72259e-12
0.000130577	2.06367e-11
2.20219e-05	3.2835e-12
3.10101e-05	3.91161e-12
0.000128191	1.57156e-11
8.47962e-05	1.21252e-11
7.26625e-05	1.74213e-11
8.12044e-05	1.15208e-11
0.000134165	1.46781e-11
0.00010325	1.60355e-11
0.00015457	2.43851e-11
0.000130638	1.86579e-11
6.1629e-05	1.13042e-11
1.7051e-05	1.0012e-12
0.000188692	2.5134e-11
0.00017552	2.70629e-11
0.00013954	1.13663e-10
0.000130194	1.95143e-11
0.000119027	1.45952e-11
0.0001085	2.39486e-11
0.000107143	1.70349e-11
7.62325e-05	1.47131e-11
5.80343e-05	9.43755e-12
9.85844e-05	4.37337e-11
8.24556e-05	1.25812e-11
7.27195e-05	6.00027e-12
0.000138714	1.07771e-10
0.000208769	3.06568e-11
0.000161041	6.55089e-12
0.000169567	1.47803e-11
0.000185997	4.15202e-11
9.64562e-05	2.92444e-11
0.000125507	4.26152e-11
0.000174318	2.98387e-11
4.99252e-05	1.03845e-11
6.68685e-05	1.0473e-11
8.46341e-05	1.12131e-10
9.86612e-05	2.74158e-11
0.000156565	2.84164e-11
4.42858e-05	4.07828e-12
8.68286e-05	7.75701e-12
0.000155056	2.08525e-11
0.0001364	4.21302e-11
0.000117628	6.83164e-12
0.000120142	1.76328e-11
0.000108052	1.89222e-11
0.00012601	5.39446e-11
2.07413e-05	3.70273e-12
1.2487e-05	1.23907e-11
0.000188849	2.14688e-11
0.00012239	1.38484e-11
0.000110861	1.52788e-11
9.97227e-05	4.55888e-12
0.000100739	1.06293e-11
7.28389e-05	4.54877e-11
6.79331e-05	1.27085e-11
5.62027e-05	1.8967e-11
5.55861e-05	5.65663e-12
5.40426e-05	3.31377e-12
5.68976e-05	2.94304e-11
0.000180021	9.42891e-12
0.000231512	1.21387e-11
0.000194867	2.64169e-11
0.000220658	3.51143e-11
8.51951e-05	1.23088e-11
0.000162766	3.69079e-11
6.3535e-05	3.2493e-12
1.69967e-05	7.43964e-13
4.39789e-05	7.63356e-12
2.67829e-05	7.90464e-12
0.000200943	3.09996e-11
0.000197353	2.42892e-11
0.000165283	2.86024e-11
0.000160043	2.50328e-11
0.00013281	4.38932e-11
0.000109995	7.92018e-12
9.00544e-05	2.11943e-11
4.46558e-05	3.97208e-12
3.5392e-05	3.1443e-12
3.04733e-05	3.57281e-12
0.000154602	4.4888e-11
7.8733e-05	3.2861e-12
4.82344e-05	3.97352e-12
7.84011e-05	2.16967e-11
0.000106506	2.70982e-11
0.000106669	2.20123e-11
0.000186148	1.30142e-11
3.41179e-05	2.37104e-11
3.1627e-05	5.63589e-12
3.46012e-05	2.1454e-12
9.56849e-05	7.22224e-12
8.12185e-05	1.08203e-11
0.000148989	1.59189e-11
0.00017897	6.04056e-11
4.47596e-05	1.79829e-10
8.13599e-06	1.6878e-11
5.64664e-05	4.73414e-11
0.000114139	1.07625e-11
0.00012951	8.76687e-11
0.00013072	2.00138e-11
0.00019932	9.6684e-11
0.000118657	1.53394e-11
1.78603e-05	5.39312e-12
5.2528e-05	1.8828e-11
0.000137022	1.28511e-11
0.000118652	1.3198e-11
9.7578e-05	1.1993e-10
0.000111892	1.23533e-11
9.99118e-05	2.00418e-11
0.000101072	1.95308e-11
9.58453e-05	4.15905e-12
8.33816e-05	3.66946e-11
7.84165e-05	4.06342e-11
7.56944e-05	4.89849e-11
7.45589e-05	8.28255e-12
4.64808e-05	2.3003e-11
4.5313e-05	1.25067e-11
0.000105449	1.35256e-11
8.84433e-05	2.43118e-12
9.24284e-05	4.14304e-11
0.000189448	2.97008e-11
0.000141648	1.79605e-11
6.05808e-05	1.22092e-11
0.000186761	2.61362e-11
3.35185e-05	4.99138e-12
2.97405e-05	2.37621e-12
0.000203567	5.53791e-11
0.000215127	2.55927e-11
0.000172185	5.27883e-11
0.000161842	3.13068e-11
0.000150647	2.25847e-12
0.000134791	1.43777e-11
0.000122701	9.17822e-12
0.000110606	2.31937e-11
9.04024e-05	6.87268e-12
2.78767e-05	1.15815e-12
8.81885e-05	9.41765e-12
5.56786e-05	8.70066e-12
7.23024e-05	5.58885e-12
0.00014366	8.71493e-11
7.31219e-05	4.64541e-11
8.27376e-05	1.16788e-11
6.17764e-05	8.26681e-12
7.06753e-05	4.93203e-12
4.18736e-06	3.04573e-12
1.57401e-05	2.07761e-11
4.15627e-05	6.36432e-12
5.00176e-05	2.80542e-11
5.74907e-05	1.02719e-11
6.52887e-05	1.03888e-10
6.84867e-05	3.4036e-11
7.38986e-05	1.65941e-11
9.58739e-05	1.13649e-11
0.000118949	7.74986e-11
0.000157731	1.24976e-10
0.000145539	2.11764e-11
0.000173596	8.688e-11
5.18197e-05	1.07637e-11
2.73133e-05	3.89246e-12
4.24362e-05	1.71591e-11
6.16528e-05	2.83681e-11
9.15712e-05	4.77638e-11
0.000113185	5.6769e-12
0.000113762	3.91165e-12
6.17686e-05	7.43355e-12
0.000115738	2.66656e-11
6.07178e-05	7.11747e-12
6.62169e-05	1.64746e-12
8.69931e-05	1.97719e-11
9.08365e-05	7.88351e-11
9.58066e-05	1.90653e-11
0.000119009	4.34336e-11
0.000159511	2.70396e-12
0.000207617	3.8337e-11
8.87219e-05	4.6869e-11
4.95505e-05	8.0156e-12
5.81862e-05	1.39978e-11
6.30737e-05	1.75842e-11
0.000108481	1.00934e-11
5.20502e-05	3.81266e-11
3.62091e-05	3.73299e-12
0.000209596	4.27081e-11
0.000125627	5.89313e-11
0.00012269	2.86469e-11
8.03085e-05	1.16972e-11
4.29269e-05	1.79825e-11
2.45633e-05	3.87779e-12
0.000115372	5.97163e-11
0.000142186	2.07237e-12
0.000138101	2.27782e-12
2.28886e-05	1.29876e-11
2.61122e-05	3.29116e-12
3.76948e-05	3.81552e-12
0.000152998	4.33576e-11
0.000124463	1.20937e-11
0.000112489	1.16265e-10
0.000102924	2.08496e-11
6.70128e-05	4.03303e-12
5.65431e-05	1.20602e-11
4.8109e-05	1.87452e-11
6.4684e-05	4.82608e-11
0.000113738	1.81906e-10
0.00010532	5.94448e-12
6.9517e-05	1.23309e-11
7.46107e-05	3.22831e-11
8.81363e-05	5.28373e-12
0.00010881	8.68938e-11
9.28292e-05	2.2706e-12
9.48786e-05	7.22304e-11
0.000133984	3.76508e-11
0.000142186	2.12022e-12
0.000175929	3.55184e-11
0.000185412	2.23314e-11
5.17356e-05	3.67234e-11
9.75418e-05	1.36427e-10
6.34996e-05	6.37975e-12
0.000136724	1.5032e-11
0.000123748	2.36593e-11
6.25822e-05	5.57835e-12
0.000105997	3.07692e-11
0.000162006	2.17868e-11
7.61249e-05	4.80791e-12
0.000117725	1.30988e-11
7.16315e-05	3.31138e-12
0.000175885	5.83036e-11
1.15046e-05	4.87971e-12
4.58308e-05	1.04008e-11
7.93362e-05	3.04728e-11
9.75381e-05	9.7579e-12
0.000110333	6.10316e-12
0.000109735	7.73262e-12
0.000115472	6.80029e-12
0.000143546	4.44192e-11
0.000235328	6.86524e-11
4.56497e-05	3.06954e-12
6.34129e-05	1.66481e-11
0.000101139	2.62858e-11
0.000143148	8.21662e-11
1.4139e-05	1.78276e-12
3.28776e-05	7.89953e-12
0.000165163	3.45153e-11
9.58454e-05	1.56821e-12
9.19734e-05	2.03477e-11
5.51145e-05	1.24058e-11
9.68745e-05	3.8933e-12
8.01511e-05	2.09643e-11
0.000295678	1.48385e-11
8.15718e-05	5.2519e-11
6.86282e-05	2.37736e-12
2.35473e-05	6.06184e-12
5.37554e-05	1.06878e-11
0.000176323	6.73987e-11
0.00018105	1.21777e-11
0.00016788	3.49835e-11
0.000122465	5.9848e-11
0.000118556	4.96431e-11
8.28138e-05	1.44145e-11
0.000132889	4.13449e-11
0.000133502	2.54283e-11
0.000113185	2.37692e-11
0.000110514	1.1638e-11
3.94929e-06	1.43415e-11
4.66458e-05	5.07363e-12
5.57851e-05	1.18986e-10
7.84768e-05	1.99712e-11
0.000160226	4.14603e-11
0.000211857	3.04523e-11
4.46056e-05	8.56087e-12
8.98403e-05	5.23745e-11
0.000128537	1.60886e-11
8.45837e-05	1.80672e-11
6.0333e-05	1.80338e-11
2.72903e-05	2.20822e-12
6.29265e-05	9.37156e-11
0.000114661	1.24678e-11
0.000155323	7.69381e-11
8.11987e-05	1.58432e-11
1.5244e-05	1.00678e-11
1.02083e-05	4.50576e-12
1.00222e-05	7.67419e-13
0.000147908	2.00148e-11
8.12691e-05	1.04878e-11
7.09352e-05	1.67611e-11
5.46919e-05	2.28743e-12
4.80258e-05	2.65432e-11
4.70288e-05	1.25893e-11
3.42824e-05	7.9047e-13
0.000118677	2.60097e-11
0.000105309	7.0566e-12
9.68334e-05	1.6718e-11
8.61722e-05	4.43283e-11
6.13529e-05	6.31702e-12
4.18715e-05	5.02627e-12
5.85632e-05	9.64744e-11
3.01264e-05	2.22237e-12
0.000113552	1.78422e-11
0.00011842	8.81292e-12
1.8812e-05	6.85893e-13
4.97288e-05	3.36622e-12
6.97533e-05	1.81098e-11
7.17036e-05	1.16137e-11
7.89735e-05	2.38589e-11
9.05666e-05	3.43497e-11
9.91568e-05	5.3147e-11
0.000108482	3.0769e-11
0.000119668	9.00617e-12
0.000156305	5.88542e-11
0.000180546	1.24519e-11
4.43043e-05	1.03364e-11
3.7012e-05	2.52264e-12
6.69136e-05	8.87335e-12
0.000146811	1.81908e-11
0.000183569	7.26215e-12
0.000184827	2.45087e-11
6.18387e-05	1.28469e-11
0.000105651	1.19826e-11
5.33585e-05	3.05176e-12
0.000112048	6.45647e-12
4.47374e-05	4.65175e-12
5.49198e-05	4.58438e-12
8.80403e-05	2.39771e-11
3.69925e-05	9.95641e-12
0.000153237	6.44e-11
7.547e-05	2.70986e-11
0.000188727	6.66477e-12
6.28939e-05	1.1069e-11
0.000115509	9.74936e-12
0.000165567	6.40214e-11
3.89798e-05	6.18385e-11
3.81729e-05	6.34914e-12
3.40183e-05	3.85003e-12
1.89665e-05	2.25492e-11
0.000141536	4.55229e-11
0.000117273	8.15344e-12
0.000104942	1.13188e-11
8.58878e-05	1.48708e-11
7.63769e-05	2.01843e-11
7.31193e-05	1.57679e-11
6.47435e-05	2.30451e-11
6.00898e-05	9.20406e-12
4.28361e-05	6.18416e-12
4.21201e-05	1.6162e-11
4.64149e-05	8.03761e-12
5.40432e-05	1.47036e-11
9.88988e-05	3.32699e-12
0.000101635	9.99831e-12
8.27927e-05	7.94301e-12
0.000138102	8.45004e-12
0.000117043	1.44217e-11
0.000124544	3.95357e-12
9.62837e-06	7.74277e-12
3.07196e-05	8.00126e-12
2.65952e-05	7.50643e-12
0.000120214	3.87399e-11
0.000215634	3.82386e-11
0.000188525	3.88606e-11
7.61378e-05	1.87387e-12
8.61573e-05	1.80294e-11
0.000124544	7.53167e-12
0.000139907	7.58474e-11
0.000166396	2.44981e-11
0.000170833	2.68099e-11
0.000175742	2.68281e-11
7.13422e-05	1.25352e-11
0.000124019	5.74618e-11
0.000154403	7.26123e-11
0.000159893	3.49049e-11
0.000104502	2.28798e-11
0.000134977	4.04485e-11
3.66249e-05	2.38478e-12
6.66772e-05	4.6173e-12
9.63265e-05	4.88087e-11
0.000140582	4.16913e-11
0.000153381	1.83572e-10
8.80868e-05	3.72269e-11
0.000170667	2.06134e-11
7.30725e-05	4.83966e-11
0.000111483	1.93615e-11
0.000115903	5.52667e-11
0.000142186	5.25731e-12
0.000138056	7.69211e-12
0.00012618	3.02161e-11
0.000124712	1.32143e-11
3.23167e-05	6.14098e-12
4.06927e-05	6.34304e-12
4.80211e-05	3.26876e-12
9.64626e-05	4.39232e-11
0.000130248	3.79404e-11
8.21372e-05	1.22706e-11
0.000152701	2.03893e-11
0.000119049	4.21626e-12
0.000141177	1.07327e-11
6.60434e-05	2.21142e-11
0.000184311	3.34087e-11
0.000165128	8.07714e-11
0.000164451	1.85984e-11
0.000141996	1.56961e-11
0.000130213	2.7679e-12
0.000123318	7.66205e-12
0.000111204	6.22916e-11
0.000111071	7.69119e-12
0.000114165	1.61635e-11
4.31451e-05	2.46992e-12
0.00019885	7.73918e-11
0.000120447	6.58156e-11
0.000134111	3.02065e-12
0.000111116	1.61241e-11
1.51635e-05	3.22076e-12
0.000118646	1.97281e-11
0.000123717	1.68292e-11
0.000130213	2.73424e-12
0.000142953	3.03169e-11
0.000152802	6.75163e-11
0.000159786	2.5695e-11
0.000171777	3.98258e-11
0.000173592	2.92485e-11
0.000175349	2.9893e-11
0.000194262	5.50009e-11
2.82819e-05	2.97139e-11
3.31553e-05	1.08594e-11
5.22296e-05	4.8082e-12
0.000162948	7.07243e-11
0.000124472	3.45587e-11
0.000168545	3.45344e-11
0.000146983	3.05574e-11
2.50057e-05	3.30803e-12
7.23246e-05	2.61372e-12
0.000178128	4.7647e-11
0.000107064	1.16666e-10
6.3899e-05	5.96039e-12
0.00013995	3.04628e-11
0.000211534	2.47483e-11
6.98507e-05	3.97686e-12
3.19105e-05	2.36437e-12
0.00011715	6.89649e-11
9.66298e-05	1.08981e-11
8.07471e-05	1.21455e-11
9.0622e-05	3.42115e-11
7.47177e-05	2.11626e-11
2.50999e-05	2.98915e-12
9.28292e-05	3.95007e-12
8.98518e-05	2.96132e-12
0.000162882	6.93095e-11
9.89327e-05	4.4305e-12
0.000155053	9.71249e-12
9.92959e-05	1.09442e-11
0.000175249	1.01734e-11
0.000124061	2.0736e-11
4.56659e-05	1.92532e-12
4.73279e-05	4.88213e-12
9.20173e-05	1.65164e-11
5.96101e-05	1.96751e-11
5.9742e-06	1.66704e-11
1.73722e-05	4.59529e-12
3.12156e-05	2.18159e-11
2.42601e-05	8.71471e-13
3.26752e-05	1.69419e-11
3.3029e-05	4.21572e-12
3.88355e-05	3.45095e-11
5.72136e-05	5.781e-12
9.05475e-05	2.19871e-11
0.000135011	3.44494e-11
0.000145224	6.5091e-11
0.000152399	1.38667e-11
0.000202415	3.42446e-11
4.18902e-05	6.54974e-11
4.87995e-05	6.17762e-12
7.72978e-05	2.90568e-11
0.000195533	4.54634e-11
0.000136062	4.4901e-11
0.000148762	1.6958e-11
0.000159511	5.52929e-12
3.86252e-06	4.28432e-11
1.23552e-05	1.4219e-11
1.63639e-05	1.63182e-12
2.67073e-05	3.79522e-12
3.96856e-05	4.24426e-12
6.54364e-05	7.89898e-11
9.28525e-05	7.31296e-12
0.000102093	2.63668e-12
0.000111619	4.29366e-11
0.00012012	1.30194e-11
0.000127053	9.35902e-12
3.79032e-05	1.71817e-11
0.000142359	7.61984e-11
0.000118435	1.15474e-11
0.000104277	2.47335e-11
0.000232899	5.4781e-11
7.93466e-05	4.6376e-11
0.000251965	2.76475e-11
0.000140144	7.44411e-12
0.000133071	1.38103e-11
0.000104238	4.40403e-11
9.31178e-05	1.19108e-11
4.02478e-05	8.99378e-12
3.82729e-05	1.23958e-12
0.000115624	2.96948e-11
8.9421e-05	3.10023e-11
2.85231e-05	9.2693e-12
0.000151703	2.14573e-11
0.000126868	1.41858e-10
0.000151358	2.72542e-11
0.000188005	4.244e-11
0.000184624	1.97872e-11
1.2566e-05	1.57613e-12
1.02311e-05	5.1494e-12
6.03972e-05	6.12266e-11
4.34057e-05	4.82771e-12
3.13585e-05	5.89201e-12
0.000172825	2.04192e-11
9.50421e-05	9.07841e-11
9.54942e-05	2.4098e-11
6.86282e-05	6.6576e-13
4.7781e-05	4.44002e-12
0.000183833	3.64264e-11
8.50329e-06	6.75484e-12
3.84475e-05	8.84536e-13
4.02723e-05	1.06456e-11
9.09592e-05	1.51258e-10
0.000102842	1.2204e-11
0.000113824	1.45784e-11
0.000140967	3.77342e-11
4.47583e-05	6.63057e-12
8.00925e-05	1.1298e-11
9.93092e-05	1.72507e-11
0.000157256	2.79846e-11
7.87754e-05	3.94956e-12
0.000108626	1.96799e-11
9.50357e-05	1.5862e-11
6.3987e-05	1.81781e-11
2.27612e-05	7.24238e-12
2.26145e-05	2.56662e-12
2.30582e-05	2.63328e-12
2.99757e-05	4.31991e-12
2.49367e-05	4.899e-12
0.000100513	4.83115e-12
0.000117183	2.5905e-11
0.000143206	4.01107e-11
2.69034e-05	1.62851e-11
3.50792e-05	8.91086e-12
5.70906e-05	1.43398e-11
0.000256696	7.30504e-11
0.000221738	4.63518e-11
0.000125164	7.38291e-12
0.000134927	7.96361e-12
1.61937e-05	4.18965e-12
7.76315e-05	6.68673e-12
5.30026e-05	1.0386e-12
3.3547e-05	1.48311e-12
3.51475e-05	1.19197e-11
4.39554e-05	6.06252e-12
9.94444e-05	1.59571e-11
7.63871e-05	6.62708e-12
0.000112214	6.39542e-11
0.000197562	2.74044e-11
2.91675e-05	6.80759e-12
1.46366e-05	3.23432e-12
1.90097e-05	3.00256e-12
9.84322e-06	3.63543e-13
8.05536e-06	3.42157e-13
0.000176358	5.33265e-11
0.000105203	2.98122e-11
8.42104e-05	1.31457e-11
6.80947e-05	6.61158e-12
0.000201254	1.49855e-11
8.98826e-05	1.29167e-12
0.000142218	4.68111e-12
3.8067e-05	4.53159e-11
4.26784e-05	5.68097e-12
5.20235e-05	3.08324e-11
5.5806e-05	1.59551e-12
6.467e-05	2.18663e-11
0.000143448	1.7052e-11
2.89133e-05	3.70147e-12
6.14986e-05	2.61363e-11
0.000154054	2.32642e-11
0.000181075	7.65026e-11
0.00018189	1.02034e-11
6.54417e-05	4.18695e-12
8.25402e-05	1.23376e-11
5.93795e-05	3.36515e-12
5.46876e-05	1.71839e-11
8.54973e-05	1.45697e-11
0.000108177	7.52739e-11
0.000103276	9.94467e-11
0.000193626	8.48269e-11
6.73785e-05	9.73002e-12
6.25836e-05	1.26256e-11
8.55978e-05	2.29812e-12
2.67751e-05	2.89214e-12
3.44371e-05	2.84208e-12
3.26833e-05	8.13619e-12
3.21206e-05	8.7204e-13
2.68867e-05	6.85594e-12
2.38786e-05	6.41441e-12
0.000159848	2.47397e-11
0.000136022	2.66668e-11
0.000109651	1.03514e-10
0.000100513	5.31146e-12
8.44949e-05	2.74627e-11
7.8168e-05	2.08762e-11
8.20896e-05	6.7552e-12
0.000143231	7.5043e-12
5.95005e-05	2.99994e-11
0.000225368	1.1966e-11
0.000139002	1.21781e-10
8.36592e-05	7.4146e-11
8.93863e-05	8.63952e-12
3.73196e-05	2.66686e-11
0.000218276	9.14084e-11
0.000173603	2.22266e-11
0.000119007	5.58022e-12
0.000220054	2.09441e-11
0.000135022	2.92939e-11
0.000169503	1.63051e-11
2.09498e-05	2.39246e-12
5.26405e-05	4.44627e-11
9.6572e-05	6.49048e-11
0.000101476	5.73273e-12
0.000187584	6.86056e-11
6.91921e-05	1.22027e-11
5.76884e-05	8.03565e-12
0.000183569	6.24373e-12
2.55772e-05	2.58268e-12
9.8297e-05	2.64264e-11
9.83535e-05	1.41e-11
0.000134142	9.96846e-12
0.000135285	3.23392e-11
8.60928e-05	5.73247e-11
5.43494e-05	6.2328e-12
0.000112377	6.23913e-11
0.000115112	1.30254e-11
9.99875e-05	2.24142e-11
2.48071e-05	8.94522e-13
0.000155613	1.45552e-11
0.000129411	2.147e-11
0.000129859	3.16662e-11
0.000118405	9.21605e-11
8.94145e-05	1.67843e-11
8.77299e-05	1.6618e-11
0.000118106	3.39585e-11
9.64815e-05	4.12689e-11
6.84271e-05	9.28144e-12
8.00624e-05	1.02787e-11
0.000148327	2.7525e-11
0.000105291	3.07434e-12
7.41909e-05	3.19968e-12
4.98619e-05	3.62056e-12
6.69769e-05	1.16284e-11
9.28524e-05	3.67809e-12
9.43608e-05	7.79702e-12
0.000109618	1.1992e-11
0.00011201	6.84143e-12
6.69231e-05	1.46578e-11
1.88654e-05	2.67435e-12
3.44798e-05	3.20341e-11
5.03724e-05	3.68936e-11
0.000116757	1.32679e-11
0.000137616	7.22716e-11
0.000125618	2.5609e-11
3.30932e-05	2.03438e-11
0.000112054	9.21765e-12
0.000116674	1.10019e-11
0.000123657	1.33011e-11
0.000178474	3.24452e-11
5.97759e-05	4.20184e-11
7.12146e-05	1.01713e-11
0.000122567	2.15614e-11
0.000134697	5.04876e-11
0.000103035	1.98588e-11
8.71673e-05	1.30069e-11
7.84193e-05	2.99207e-11
0.000100159	3.00063e-11
0.000119793	1.05325e-11
0.000125022	9.54203e-11
0.000191492	5.65629e-11
0.000181512	9.53969e-11
0.00011379	1.04834e-11
9.72226e-05	3.93796e-11
9.76978e-05	6.5289e-12
6.32993e-05	8.55858e-11
8.81177e-05	2.37956e-11
7.85673e-05	2.49012e-11
0.000113763	6.02164e-12
8.61185e-05	9.18507e-12
0.0001435	5.26938e-11
0.000108661	6.21526e-12
9.20609e-05	1.26523e-11
0.000124063	6.82751e-11
7.89768e-05	1.78243e-11
0.000145415	2.35783e-11
4.87362e-05	4.86212e-12
5.03568e-05	1.07556e-12
4.50884e-05	1.02302e-11
0.000257572	1.6883e-11
0.000185008	1.62321e-11
0.00012558	5.48259e-11
0.000106917	1.24739e-11
6.48394e-05	3.39622e-12
7.54367e-05	1.17687e-11
0.000119032	1.17834e-11
0.000141706	2.21203e-11
0.00012921	6.00553e-11
0.000191037	4.91092e-11
0.000141165	9.59697e-12
5.26345e-05	3.481e-11
8.06287e-05	2.2701e-11
8.78998e-05	2.68766e-11
8.69848e-05	3.08016e-12
9.43655e-05	9.4653e-12
9.43373e-05	2.02526e-12
0.00012454	1.07938e-10
0.000142186	4.17314e-12
0.000148157	9.93383e-11
0.000153275	1.31692e-11
0.000172336	4.35393e-11
0.000166146	2.5974e-11
0.000187055	8.14077e-11
0.000216445	2.58521e-11
0.000172829	2.64356e-11
8.73521e-05	1.07351e-11
0.000178476	9.45336e-12
0.000125637	2.35192e-11
8.84433e-05	2.38099e-12
9.76772e-05	2.23392e-11
7.14999e-05	4.59169e-12
4.71405e-06	4.84489e-13
4.97733e-05	1.18841e-11
6.51767e-05	1.524e-11
0.000134111	8.78054e-12
0.000103496	2.29736e-11
0.000151085	3.80769e-11
8.05339e-05	5.95402e-12
0.000130274	7.14843e-11
7.74722e-05	2.7357e-11
0.000150597	1.01873e-11
0.000109086	8.62493e-12
5.30398e-05	2.98721e-11
0.000197542	2.83656e-11
0.000163493	1.50818e-11
0.000135788	1.49359e-10
0.00012657	3.47403e-11
0.000124916	8.85942e-12
4.2343e-05	1.89824e-11
4.61641e-05	5.78089e-12
3.93846e-05	1.60404e-11
4.86831e-05	2.05653e-12
0.000193117	8.86931e-11
8.87452e-05	4.54231e-11
0.000109818	1.5869e-11
6.80144e-05	2.60298e-11
0.000157233	2.20821e-11
0.000112007	1.16884e-10
0.000159497	1.09263e-11
0.00014358	5.76099e-12
0.000137182	2.52757e-11
5.27168e-05	5.63684e-12
4.98478e-05	3.93811e-12
7.15853e-05	4.76248e-12
7.65486e-05	5.90291e-12
2.78986e-05	5.49782e-12
4.98692e-05	7.96389e-12
0.000107105	1.78619e-10
0.000104634	2.99258e-11
0.000138054	1.12905e-11
0.000141388	5.65096e-11
0.00016115	1.67942e-11
0.000178739	5.53817e-11
0.000184998	3.37582e-11
4.43069e-05	6.10514e-12
0.000123794	1.0352e-10
0.000165606	9.01538e-11
0.000192948	1.37086e-10
0.00010168	2.2677e-11
0.000134938	2.30043e-11
0.000168767	3.24365e-11
0.000117195	1.44445e-11
0.000107667	2.63596e-11
1.91189e-05	9.71152e-12
1.9688e-05	2.04459e-12
2.15192e-05	1.82599e-11
3.09317e-05	3.9282e-12
6.34891e-05	1.99259e-11
7.18895e-05	7.06846e-12
9.1407e-05	5.98161e-11
8.35708e-05	1.80901e-11
9.14575e-05	1.26485e-11
0.000105231	7.79396e-12
0.0001276	2.26782e-11
0.000140834	6.51842e-11
3.79402e-05	4.05234e-11
2.72223e-05	1.55319e-12
0.000147166	3.14418e-11
0.000122705	7.06781e-12
8.00652e-05	4.57913e-11
0.000122683	3.75649e-12
8.22486e-05	5.87522e-11
6.3906e-05	1.85978e-12
6.74339e-05	2.75356e-12
6.43118e-05	3.38212e-11
7.74489e-05	3.49475e-12
0.000108015	1.05839e-11
0.000159773	1.09987e-10
0.000168799	7.85393e-12
0.000147123	3.87245e-11
0.000146775	2.43545e-11
0.000107478	1.70956e-10
0.000100861	1.30612e-10
8.20811e-05	5.64544e-11
7.1305e-05	7.30015e-12
6.73023e-05	7.67497e-12
8.70039e-05	1.38349e-12
5.93525e-05	3.10332e-12
0.000152407	2.97109e-11
5.58856e-05	4.80603e-12
0.000110236	4.12232e-11
5.04184e-05	8.72863e-12
4.65622e-05	2.34823e-12
0.000101461	4.69727e-12
6.43428e-05	1.21139e-11
6.32847e-05	1.31669e-11
5.42249e-05	5.80592e-12
3.47237e-05	5.36781e-12
2.64309e-05	8.54377e-12
4.61042e-05	2.00915e-12
4.96681e-05	1.72601e-12
9.58454e-05	3.04712e-12
6.24329e-05	1.06088e-11
7.84758e-05	1.41554e-11
0.000182476	2.04627e-11
0.000178569	2.56841e-11
3.39063e-05	3.80149e-12
4.42367e-05	1.05432e-11
6.33507e-05	4.15422e-11
6.86197e-05	6.16298e-12
8.42402e-05	6.84661e-12
8.82935e-05	8.51338e-12
0.000110725	1.36053e-11
0.000135933	6.24228e-11
0.00012124	4.15601e-11
0.00013017	7.5633e-12
0.00017632	1.35714e-11
0.000197249	1.18519e-11
5.11232e-05	8.49178e-12
4.90865e-05	1.12558e-12
9.9774e-05	1.25844e-11
0.000152759	5.0463e-11
0.000135377	2.89869e-11
8.24246e-05	9.81123e-11
5.09919e-05	8.29599e-13
0.000173949	7.99365e-11
0.000239391	1.77642e-11
6.03596e-06	1.36377e-11
5.86715e-05	1.11334e-11
0.000161883	4.4384e-11
0.000230022	4.42794e-11
0.000128444	4.31417e-11
0.000112738	9.05531e-12
0.000144277	6.97379e-12
0.000148089	6.77287e-11
7.86942e-05	7.5447e-12
5.01361e-05	1.00191e-11
4.44808e-05	1.23866e-11
3.86972e-05	1.58332e-11
0.000172251	3.1275e-11
0.000105701	3.42533e-11
0.000105328	4.05786e-12
7.35089e-05	1.24759e-11
3.37911e-05	3.78007e-12
6.85829e-05	1.47598e-11
0.000122394	1.97831e-11
8.34615e-05	3.51028e-11
0.000209188	1.4961e-11
9.35711e-06	2.99141e-12
2.68495e-05	7.02021e-12
4.71554e-05	8.71573e-12
0.000215405	6.98114e-11
0.000170102	6.82479e-11
0.000139564	1.60824e-11
0.000121869	5.36872e-11
0.000108586	4.80273e-11
0.000104227	3.55536e-11
6.91936e-05	7.05888e-12
5.82839e-05	5.52782e-11
2.73114e-05	7.63611e-13
5.34768e-05	5.01032e-12
8.02063e-05	2.4391e-11
4.89646e-05	4.84856e-12
7.23246e-05	1.38962e-12
7.8958e-05	1.03596e-11
9.84759e-05	1.16884e-11
0.000154362	1.95986e-11
0.000165985	4.77675e-11
0.000113579	6.08108e-11
0.000174556	4.68654e-11
9.91708e-05	1.99669e-11
9.89026e-05	4.21845e-12
0.000109133	9.21792e-12
0.000148642	1.53824e-11
0.000210637	9.83114e-12
0.000113895	9.74418e-11
9.58139e-05	5.88715e-12
0.000106399	1.01715e-11
0.000199453	1.28598e-11
0.000134111	4.39717e-12
8.40488e-05	2.5324e-11
0.00020745	1.08339e-10
0.000161408	4.74451e-11
0.000158475	3.35501e-11
7.81166e-05	6.99402e-11
0.000173551	1.12924e-11
9.57703e-05	7.93202e-12
0.000126404	4.83715e-12
9.88988e-05	3.10653e-12
0.000212794	2.1682e-11
0.00015117	2.27787e-11
0.000146367	2.55129e-12
0.000113763	8.85989e-12
0.000105313	1.00056e-11
5.41561e-05	4.69864e-12
0.000108639	3.46761e-12
1.215e-05	1.17588e-11
4.71497e-05	3.93315e-12
5.30208e-05	9.26704e-13
0.00011199	3.37476e-12
0.00011546	8.36168e-12
0.000139311	3.35511e-11
5.63452e-05	2.97904e-11
5.06813e-05	5.08471e-12
6.8993e-05	1.32095e-11
0.000110436	4.87397e-11
9.53729e-05	6.40016e-11
1.68159e-05	7.05294e-12
7.96017e-05	1.84038e-11
0.000123748	1.09957e-10
0.000148183	2.97572e-11
0.00016645	1.16687e-11
4.85403e-05	1.46815e-11
4.2111e-05	2.0987e-11
0.000110869	6.39085e-11
0.000141739	1.7011e-11
7.84529e-05	3.86077e-11
0.000136054	7.62117e-11
9.84739e-05	2.52851e-11
1.40807e-05	5.09852e-12
9.03614e-05	1.80854e-11
9.06148e-05	1.45849e-11
6.2169e-05	8.44534e-12
5.42822e-05	1.68206e-11
0.000121916	5.73831e-12
0.000118738	1.27639e-11
0.000123093	3.73881e-11
0.000135227	4.12762e-11
0.000110333	6.31856e-12
2.60838e-05	2.09932e-11
4.88182e-05	1.29127e-11
0.000218236	9.69093e-11
0.000178759	3.43177e-11
0.000139358	6.59478e-11
8.12787e-05	3.82978e-11
8.69741e-05	4.04289e-12
8.25427e-05	8.4046e-12
7.32696e-05	3.53032e-11
7.40757e-05	1.54162e-11
5.88729e-05	1.87935e-11
3.28073e-05	6.91549e-13
9.58632e-05	9.46901e-12
7.10732e-05	1.46348e-12
0.000110873	2.3965e-11
9.28009e-05	3.48894e-12
0.000112041	7.6736e-12
9.92062e-05	1.29668e-11
3.22157e-05	4.25326e-12
6.34082e-05	6.91723e-12
7.60638e-05	1.3938e-11
7.62562e-05	2.32743e-11
7.87676e-05	2.51617e-11
9.09497e-05	2.34027e-11
0.000145466	2.58976e-11
0.000150595	5.11043e-12
2.87577e-05	3.26212e-12
3.26311e-05	1.44038e-12
3.11116e-05	2.82023e-12
3.54782e-05	6.37831e-12
4.27046e-05	5.63868e-12
5.56535e-05	1.56797e-11
5.60174e-05	1.8231e-11
6.307e-05	1.5132e-11
7.18298e-05	8.48551e-11
7.19489e-05	1.7195e-11
8.4767e-05	5.74894e-12
0.00010968	7.68892e-11
0.000110312	9.52802e-12
0.000151554	2.36905e-11
2.72994e-05	6.92395e-12
4.3788e-05	1.12283e-11
7.02506e-05	2.25655e-11
0.000126404	3.78003e-12
8.84363e-05	1.02351e-11
5.30026e-05	2.48695e-12
6.97294e-05	1.53904e-11
0.000123923	9.75683e-12
0.000143667	2.90847e-11
1.84957e-05	3.89076e-12
4.94466e-05	6.0557e-12
3.27466e-05	1.45641e-11
2.71407e-05	2.97567e-12
0.000177187	1.36966e-10
0.000172043	2.16071e-11
0.000164975	2.14941e-11
0.00013443	2.19845e-11
0.000140107	1.45914e-11
0.000124544	1.15908e-11
9.64631e-05	3.42674e-11
9.54247e-05	9.36403e-12
9.56131e-05	2.06931e-11
8.92504e-05	3.33937e-11
8.60665e-05	4.38606e-12
7.74488e-05	4.8962e-12
6.09333e-05	1.02173e-11
8.26116e-05	3.21423e-11
5.75077e-05	4.8547e-12
0.000119049	1.46266e-12
9.15044e-05	7.98686e-12
7.86995e-05	3.64484e-12
7.1227e-05	2.10739e-11
6.6151e-05	1.0394e-11
0.000173646	8.8169e-12
0.000106623	1.49804e-11
0.000181493	6.39623e-11
8.42464e-05	1.37069e-11
0.00017853	3.67413e-12
0.000121942	1.8118e-11
4.22754e-05	3.36273e-11
0.000192871	6.37254e-11
0.000171241	1.46406e-11
0.000141489	5.85601e-11
0.000110765	4.23463e-11
0.000119309	3.09771e-11
9.48657e-05	4.95817e-11
8.31575e-05	2.7338e-11
7.79882e-05	2.5197e-11
6.90146e-05	1.10267e-11
6.34154e-05	1.49262e-11
5.34457e-05	2.68061e-12
6.44894e-05	2.68109e-12
0.000201845	7.41865e-11
9.76261e-06	2.27812e-12
0.000100749	2.00635e-11
0.000164513	2.27414e-11
0.000141413	2.18048e-11
0.000131512	6.23792e-12
4.11677e-05	6.01299e-12
5.59985e-05	1.06015e-10
0.000102406	3.69522e-11
0.000100276	2.14818e-11
0.000102121	2.67342e-11
0.000145352	1.23613e-10
7.58314e-05	6.10878e-11
3.93542e-05	5.56201e-11
0.000210642	2.6563e-11
0.000123249	1.11393e-10
0.000120269	1.26748e-11
0.000110313	1.15664e-11
9.38911e-05	2.91764e-11
7.91816e-05	1.10463e-11
0.000172406	8.45059e-12
0.000105558	3.34132e-11
0.000177147	2.9069e-11
7.17061e-05	5.23633e-12
6.08652e-05	5.58552e-12
0.000112009	1.16853e-11
0.000128317	3.10298e-11
4.53762e-05	1.13019e-12
0.000239947	2.91546e-11
0.000184733	4.78398e-11
0.000166466	8.19242e-11
0.000167009	3.34479e-11
0.000134761	3.30589e-11
7.57334e-05	2.87331e-11
7.21484e-05	6.97976e-11
0.000108658	4.15024e-12
0.000116514	1.06766e-11
9.67538e-05	4.58583e-11
0.000108602	6.75174e-12
0.000122571	4.44365e-12
0.000128091	1.69362e-11
5.62376e-05	5.5156e-11
0.000109292	6.46162e-11
7.18418e-05	5.9224e-12
5.77348e-05	7.28133e-12
6.66899e-05	4.82196e-12
0.000179498	1.19762e-10
0.000138667	7.10371e-11
0.000194007	2.48246e-12
0.000198734	4.74402e-11
8.62785e-05	5.91877e-12
9.43373e-05	6.62394e-12
0.000119048	4.6098e-12
0.000122217	3.49777e-11
7.05209e-05	1.69235e-11
0.00010532	1.42844e-11
4.11881e-05	3.41256e-11
2.18287e-05	2.56945e-12
5.29144e-05	1.63801e-10
3.28475e-05	8.63496e-12
3.07568e-05	1.63272e-12
0.000161855	1.06344e-10
0.000138809	3.99788e-11
0.000109871	8.26357e-11
8.8944e-05	7.13183e-11
8.81023e-05	3.42578e-11
7.19801e-05	2.17584e-11
5.88265e-05	1.86265e-11
7.7571e-05	1.46687e-11
0.000118355	5.64163e-11
3.28516e-05	6.17336e-12
0.000169137	4.33583e-11
0.000163085	2.70571e-11
0.000150595	5.99513e-12
0.000129945	7.3101e-11
0.000135411	4.8496e-11
0.000100598	3.07729e-11
8.97084e-05	3.05794e-11
6.8598e-05	1.28104e-11
6.16262e-05	2.05344e-12
5.04048e-05	2.73544e-12
4.68898e-05	7.47956e-12
3.82998e-05	6.04819e-12
0.000130235	9.01653e-12
0.000136865	2.08963e-11
0.000130782	1.08455e-11
9.27925e-06	2.37748e-11
1.668e-05	4.84636e-13
1.81108e-05	4.68405e-13
2.19636e-05	3.49379e-12
3.40215e-05	1.47029e-10
3.0673e-05	2.42063e-11
4.22079e-05	2.49054e-11
6.62352e-05	7.36872e-12
8.05518e-05	7.043e-12
9.68691e-05	4.28343e-11
0.000136803	2.0221e-11
0.000133769	2.34707e-11
0.000151655	9.37451e-11
2.91131e-05	1.50011e-12
0.00016786	7.76585e-12
7.41857e-05	2.30275e-11
9.10845e-05	6.33428e-12
1.53478e-05	5.13543e-13
5.85477e-05	1.59861e-10
8.19819e-05	1.83481e-11
9.27969e-05	4.07376e-11
0.000104282	9.27152e-11
9.82397e-05	1.02472e-11
0.000132512	5.56668e-11
0.000126366	5.43628e-12
0.000150991	2.14105e-11
4.4689e-05	2.69065e-12
0.000126371	4.2796e-12
0.000136787	8.91299e-12
6.94432e-05	2.64078e-12
0.000149316	9.91843e-11
0.000115705	2.52107e-11
0.000108567	3.76417e-11
7.97001e-05	7.8604e-12
7.98516e-05	7.52513e-12
7.74489e-05	3.94907e-12
7.73145e-05	9.02638e-12
9.14859e-05	1.15733e-11
8.62217e-05	1.00341e-11
6.45151e-05	8.33746e-12
0.000105121	2.10529e-11
8.91905e-05	1.79907e-11
2.15742e-05	7.57631e-12
5.00666e-05	2.34782e-11
2.61385e-05	1.64868e-12
0.000183569	8.57043e-12
0.000152888	8.42132e-12
0.000146395	1.60428e-11
8.41211e-05	1.42503e-11
3.52594e-05	1.1244e-12
7.01395e-05	1.08359e-11
7.16852e-05	1.34488e-11
0.000116134	1.86012e-11
0.000121409	4.11445e-11
0.000144333	2.77127e-11
0.000157269	6.74742e-12
0.000168232	1.39484e-11
0.00016645	1.16096e-11
5.83719e-05	4.68435e-11
3.87907e-05	2.60961e-12
9.42258e-05	1.22574e-10
0.000114157	1.76276e-11
0.000124768	1.34849e-11
0.000145519	1.64728e-11
0.000155027	5.98015e-12
0.000108568	8.50089e-12
9.49434e-05	1.54928e-11
7.09985e-05	1.81936e-11
6.82168e-05	9.16391e-12
0.000112869	1.11834e-11
6.85973e-05	1.16094e-11
0.000122641	5.8698e-12
0.000147825	3.17065e-11
0.000106124	1.53426e-11
8.23599e-05	3.25466e-12
1.20895e-05	3.54303e-12
0.000213016	2.55078e-11
0.000170189	2.64912e-11
0.000167882	1.88605e-11
0.000100297	3.13409e-11
9.35405e-05	7.02657e-11
7.46394e-05	1.34289e-11
4.40848e-05	9.86733e-12
0.000142733	1.71538e-11
6.21295e-05	7.43493e-12
1.82809e-05	3.43957e-12
4.22568e-05	2.58346e-11
0.000108807	6.72785e-11
2.79065e-05	4.21875e-12
4.20518e-05	1.37491e-11
0.000140824	5.94191e-12
7.42218e-05	5.17943e-11
0.000112867	1.13016e-11
5.75437e-06	7.66032e-12
2.2699e-05	2.17027e-11
2.65532e-05	4.4219e-12
3.66767e-05	3.7907e-12
3.78426e-05	8.49515e-12
4.10666e-05	5.47722e-12
5.3113e-05	1.40417e-11
6.35705e-05	9.20459e-12
7.31301e-05	1.42962e-11
7.51781e-05	1.05307e-11
9.71404e-05	1.90381e-11
9.75979e-05	2.8745e-11
0.000100487	7.91443e-12
0.000135156	6.34e-11
0.000133462	8.20301e-12
0.000138102	3.83885e-12
0.000167295	2.38446e-11
0.000234502	4.96946e-11
6.43146e-05	6.18719e-11
7.76911e-05	6.88206e-12
8.3655e-05	3.60888e-12
7.84056e-05	1.44217e-11
8.69647e-05	1.55473e-11
8.69741e-05	5.59359e-12
8.9853e-05	7.57491e-12
9.76427e-05	1.51981e-11
0.00010202	8.14477e-11
0.00010371	1.02254e-11
0.000161018	4.00607e-11
0.000105227	4.48448e-11
0.000151614	1.67763e-11
0.000111869	4.5131e-11
6.39274e-05	2.31131e-11
2.65519e-05	3.38029e-12
2.13335e-05	1.70004e-12
5.06196e-05	4.80209e-11
4.57796e-05	5.60667e-12
3.99411e-05	3.52351e-12
0.00019941	1.18173e-11
0.000196168	1.13334e-11
0.000181866	1.67674e-11
0.000166171	4.85054e-11
0.000132107	5.65188e-11
0.000120431	9.25542e-11
0.000106468	6.8614e-11
2.7096e-05	4.93374e-12
9.48747e-05	1.3673e-11
6.96062e-05	2.66659e-11
0.000152082	4.43385e-11
0.000130468	2.42356e-11
7.39088e-05	1.40212e-11
6.55677e-05	8.00817e-12
0.000128943	1.09291e-11
0.000125164	7.70061e-12
2.48502e-05	3.51962e-12
0.000197584	5.79779e-11
0.000143765	5.21803e-11
0.000127675	4.80499e-11
0.000117537	4.67649e-11
0.000102114	8.76071e-12
0.000102075	1.26892e-11
8.64182e-05	1.99559e-11
6.20066e-05	8.00457e-12
0.000164022	5.96898e-11
5.54741e-05	1.52746e-11
0.0001437	2.91523e-11
8.29789e-05	5.69792e-12
2.42433e-05	4.34012e-13
3.85668e-05	1.19377e-11
0.000140036	7.22073e-11
0.000145322	1.1934e-11
0.000177958	1.01292e-10
4.52035e-05	9.20101e-12
4.37953e-05	2.48374e-12
6.63185e-05	3.24912e-11
6.95405e-05	4.54107e-12
7.37751e-05	6.0515e-12
0.000226826	4.28172e-11
4.92745e-05	1.17153e-11
6.12244e-05	8.1798e-12
6.62396e-05	2.58584e-12
8.28456e-05	1.3339e-11
0.000129769	1.5154e-10
0.000115524	5.80504e-12
0.000138483	2.29725e-11
0.000144973	9.3585e-12
0.000148507	1.09145e-11
0.000166679	2.75415e-11
0.000182747	2.71093e-11
0.000184625	1.41522e-11
0.000101934	2.96e-11
0.000122374	3.27084e-11
9.93553e-05	3.36336e-11
0.000106983	8.31433e-12
0.000199345	1.63118e-11
3.90077e-05	9.36989e-12
0.000194048	9.30408e-12
0.000126459	2.58231e-11
0.000119017	3.11571e-11
0.000123427	1.06589e-11
9.59901e-05	1.45448e-11
7.68737e-05	7.14573e-11
6.30474e-05	1.64151e-11
3.52132e-05	1.17688e-12
3.8034e-05	6.78911e-12
9.34994e-05	2.01878e-10
0.000353607	3.97364e-11
2.96191e-05	3.27769e-12
0.000216427	1.68407e-11
0.00019941	7.11303e-12
0.000145611	6.43976e-11
0.000129378	7.23168e-11
0.000106564	2.05647e-11
8.79287e-05	1.87032e-11
6.42349e-05	3.24393e-11
0.000100858	4.73213e-12
0.0001778	5.71259e-11
0.000165473	5.93032e-11
3.66153e-06	2.21787e-12
3.15871e-05	7.36283e-12
6.13982e-05	4.03745e-11
5.59518e-05	1.02692e-11
0.000111174	1.60851e-11
0.000137572	4.99746e-11
0.000129422	1.41653e-11
0.000147256	8.76497e-11
0.000147294	1.93676e-11
0.000157707	4.14989e-11
0.000152767	2.28084e-11
0.000170402	1.16067e-11
0.000168799	7.98958e-12
0.000191595	4.64261e-11
5.40174e-05	1.2439e-11
7.68944e-05	7.23059e-11
5.53252e-05	1.20694e-11
0.000108661	4.60402e-12
0.000132094	3.24384e-11
6.16183e-05	6.14891e-12
0.000130547	2.08197e-11
0.000172146	5.59834e-11
0.000182069	5.11265e-11
0.000211998	1.76675e-11
0.000212031	1.66563e-11
4.61706e-05	7.87514e-11
0.000118681	5.47092e-11
0.00010406	4.9151e-11
0.000111106	5.69537e-11
6.84246e-05	1.62065e-11
7.44073e-05	4.59376e-12
0.000110722	1.37821e-11
0.000207474	2.93289e-11
0.00014489	3.06661e-11
2.05066e-05	6.44426e-12
2.15957e-05	1.97845e-12
1.70261e-05	5.36761e-12
3.98436e-06	2.15301e-12
0.000179562	1.1276e-11
0.000106856	6.79456e-11
6.96386e-05	2.71857e-11
3.51562e-05	1.68182e-12
0.000193592	3.74799e-11
9.07663e-05	1.7022e-11
0.00015315	6.09083e-11
0.000142574	1.30987e-10
0.000117756	2.96847e-11
0.000113016	2.58142e-11
7.64582e-05	2.77146e-11
0.000262958	2.49851e-11
0.000204155	4.63975e-11
0.000155413	1.93669e-11
0.000150595	7.40921e-12
7.51645e-05	1.58767e-11
5.30047e-05	1.56424e-12
8.14334e-05	6.09839e-12
0.000169645	5.37446e-11
0.000104383	2.32222e-11
5.80313e-06	3.38663e-12
2.55252e-05	3.2898e-12
3.63947e-05	6.28403e-12
4.86305e-05	5.99264e-12
7.25588e-05	4.49083e-12
8.60873e-05	6.27584e-11
7.93199e-05	1.79186e-11
7.76939e-05	4.45352e-12
0.000115298	2.61058e-11
0.000163724	3.82928e-11
0.000174565	3.06235e-11
3.90471e-05	5.59191e-12
7.27844e-05	3.09075e-11
8.86536e-05	1.08095e-10
7.33266e-05	2.56624e-11
6.56608e-05	5.49238e-12
5.30327e-05	1.87409e-12
2.13397e-05	5.42749e-12
1.44157e-05	6.07199e-12
7.07236e-05	1.38056e-11
0.0001243	1.97695e-11
0.000138102	6.16532e-12
0.000176816	6.54088e-11
0.000175577	1.52714e-11
0.000205482	2.78909e-11
0.00014778	4.63515e-11
0.000155027	8.43069e-12
1.7354e-05	2.02267e-12
0.000139903	2.20195e-11
0.000127512	2.19601e-11
3.17375e-05	1.07455e-11
0.000245648	3.14975e-11
0.000141164	5.32131e-12
5.80935e-05	2.60249e-12
1.56126e-05	1.13569e-12
3.97932e-05	1.44806e-11
3.27594e-05	8.27643e-12
3.8715e-05	1.80786e-11
0.000107062	7.59046e-11
4.26845e-05	7.80201e-12
0.000130202	2.57331e-11
0.000149638	2.06361e-11
0.00012899	1.83832e-11
0.000126404	1.90746e-12
9.9216e-06	1.8174e-11
8.24209e-05	7.13782e-12
8.66365e-05	2.43447e-11
8.69887e-05	3.60957e-12
9.78072e-05	3.58535e-11
0.000142662	1.82172e-11
0.000206583	3.76083e-11
0.000220954	4.25317e-11
4.5195e-05	2.08877e-11
0.00012212	1.41244e-10
9.73485e-05	1.84945e-11
8.49377e-05	1.26516e-11
0.000108631	1.20604e-11
2.34077e-05	7.60204e-12
3.39257e-05	3.99226e-12
3.77035e-05	4.64125e-12
0.000174243	7.15259e-11
0.000179316	1.79693e-11
0.000123154	2.42794e-11
6.62553e-05	4.14315e-12
8.41916e-05	2.25236e-12
7.55764e-05	1.70973e-11
0.000134111	4.85174e-12
9.54294e-05	1.33957e-11
9.58454e-05	2.91137e-12
6.38988e-05	6.20306e-12
8.69656e-05	1.15096e-11
5.04994e-05	4.86819e-12
0.000124809	8.56617e-12
0.000343159	5.12777e-11
0.000155457	1.36321e-11
0.000117725	1.40408e-11
2.28614e-05	8.31821e-12
1.69968e-05	5.22138e-13
0.000172243	5.19116e-11
0.000157442	2.31832e-11
6.05526e-05	8.54998e-12
5.03965e-05	1.05406e-11
0.000169985	3.48092e-11
0.000149149	3.66057e-11
0.000119395	1.78699e-11
6.21766e-06	3.93755e-12
1.00692e-05	1.23064e-12
2.48826e-05	4.22785e-12
5.80227e-05	1.73283e-11
0.000102167	6.90561e-12
0.00011104	1.0263e-11
0.000159483	2.01878e-11
0.000161806	6.05353e-12
0.00017064	5.50366e-11
0.000177965	1.36109e-10
0.000170456	3.23414e-11
0.000266344	4.99651e-11
7.50683e-05	3.23367e-11
0.000144479	1.70787e-11
0.000112371	1.49989e-11
0.000158502	2.66069e-11
0.000130205	1.89255e-11
0.000151344	1.80409e-11
8.95299e-06	4.75147e-12
0.000102329	1.05613e-10
9.26515e-05	1.83319e-11
9.58454e-05	4.17616e-12
0.000100208	2.66595e-11
3.1741e-05	6.11716e-12
2.84375e-05	6.23328e-12
4.09471e-05	1.4541e-11
3.58927e-05	9.95063e-12
0.000131135	1.32354e-10
0.000109531	4.17899e-11
0.000120574	1.52408e-11
8.14381e-05	1.25689e-11
7.04281e-05	1.8832e-11
8.97421e-05	9.01702e-12
9.28292e-05	2.71659e-12
2.41818e-05	5.93268e-12
9.84322e-06	7.69571e-13
4.64984e-05	5.70804e-11
4.5848e-05	5.64184e-12
0.000196708	7.87093e-12
0.000159441	3.96423e-11
0.000138102	1.64366e-11
0.000134306	2.82405e-11
0.000132311	1.81227e-11
8.13592e-05	4.55403e-11
6.51661e-05	2.27699e-11
2.74733e-05	6.77463e-12
8.12633e-05	1.939e-11
6.21447e-05	9.52128e-12
2.74151e-05	2.2024e-12
4.85573e-05	8.18202e-12
0.000198163	2.08441e-11
0.000105102	3.49988e-11
9.18145e-05	2.11133e-11
0.000102067	2.71754e-11
9.29054e-05	3.82593e-11
0.000110975	2.28833e-11
4.00368e-05	1.76315e-11
6.88421e-05	2.97445e-11
9.98364e-05	3.88249e-11
0.00013614	3.93799e-11
0.000145394	4.67871e-11
0.000160875	1.25988e-10
0.000162936	7.33727e-11
0.000169937	6.14522e-11
5.40003e-05	2.28044e-11
0.000180709	2.42416e-11
0.000128269	9.95425e-12
0.000111047	3.43026e-11
5.5827e-06	5.39934e-12
6.54246e-05	1.02996e-11
8.36211e-05	1.19521e-11
9.35231e-05	1.56612e-11
0.000148892	2.45018e-11
0.000184188	5.83851e-11
0.000135441	8.20588e-12
1.62629e-05	7.85912e-12
2.0494e-05	4.88298e-12
1.13529e-05	5.84617e-13
3.20548e-05	1.44004e-11
0.00019485	3.57694e-11
0.000174616	1.54229e-11
0.000159586	3.08062e-11
0.000156072	5.42038e-11
0.000155371	2.50911e-11
0.00014544	4.07217e-11
0.0001418	2.47398e-11
0.000143041	1.04083e-11
0.000136461	1.22197e-11
0.000124271	3.09138e-11
0.0001154	1.82001e-11
2.20926e-05	1.30991e-12
4.42022e-05	1.44316e-11
0.000218772	1.07765e-11
0.000125389	3.89119e-11
7.876e-05	1.50105e-12
0.000130666	1.43869e-11
0.000126147	3.79969e-11
5.45783e-05	1.82928e-12
4.45908e-05	1.08054e-10
0.000210954	4.68237e-11
4.60345e-05	1.59038e-12
0.000146655	2.43333e-11
2.52944e-05	2.96592e-12
2.91782e-05	9.13057e-13
3.50745e-05	1.01922e-11
6.44597e-05	1.26495e-11
7.31031e-05	4.62045e-12
9.34464e-05	5.444e-12
0.000184088	6.7187e-11
9.20407e-05	6.68101e-11
0.000149777	2.40772e-11
6.17986e-05	5.56417e-11
0.000168883	1.9757e-11
0.000160846	2.4072e-11
0.000149218	3.64629e-11
0.00019311	1.75568e-11
9.43196e-05	6.48754e-12
3.00104e-05	3.19338e-12
3.2372e-05	7.26811e-12
5.00266e-05	2.05202e-11
7.39461e-05	5.64147e-12
8.81822e-05	4.92493e-12
9.80081e-05	1.38683e-11
0.00016645	1.20213e-11
0.000195995	4.97548e-11
9.90277e-05	2.857e-11
0.00010886	4.11415e-11
1.93282e-05	8.2004e-13
0.000134495	3.04463e-11
0.000104034	7.68076e-12
9.02126e-05	1.40672e-10
7.5276e-05	3.50621e-11
6.22802e-05	2.06628e-11
6.50783e-05	1.68195e-11
0.0001464	6.86589e-12
0.000111094	7.19076e-12
0.000122705	5.58458e-12
7.41294e-05	6.33213e-12
7.08306e-05	1.61095e-11
0.000125884	1.44322e-11
3.02185e-05	1.10775e-11
3.78699e-05	1.19341e-11
0.000190253	1.46834e-11
0.00016196	3.72912e-11
0.000134378	5.50662e-11
0.000136992	2.13314e-11
0.000126726	6.44533e-11
9.89316e-05	1.86899e-11
0.0001688	4.93057e-12
0.00012753	1.02289e-11
2.39793e-05	3.58157e-11
3.94093e-05	4.23124e-12
7.83018e-05	1.26111e-11
8.69809e-05	1.2321e-11
9.74375e-05	3.20376e-11
0.000102155	2.72208e-11
0.00015996	9.37902e-11
5.27089e-05	1.50818e-11
5.93962e-05	3.23094e-12
6.81709e-05	1.33843e-11
6.62553e-05	4.75456e-12
6.87313e-05	1.01239e-11
6.90945e-05	4.51223e-12
8.25439e-05	2.93587e-11
7.72402e-05	6.52549e-12
8.31721e-05	9.96578e-12
0.000140085	4.61861e-11
0.000160354	2.3907e-11
4.4004e-05	9.48372e-12
6.97735e-05	1.21979e-11
0.000100632	4.36343e-11
0.000131734	8.30696e-11
6.70358e-05	2.4272e-12
2.79807e-05	3.68625e-12
8.3743e-06	1.10447e-11
3.01852e-05	1.754e-11
4.20769e-05	4.45406e-11
3.05126e-05	4.22625e-12
9.85408e-05	1.76864e-11
7.68656e-05	7.96288e-11
6.37518e-05	7.69675e-12
6.12949e-05	4.24611e-12
5.71861e-05	6.69586e-12
5.18439e-05	1.17594e-11
2.55042e-05	1.98292e-11
0.000198573	1.89974e-11
0.000126521	2.25538e-11
8.86071e-05	1.68918e-11
7.3201e-05	1.19166e-11
2.50659e-05	1.08013e-11
4.88182e-05	3.46743e-12
4.03316e-05	1.06182e-12
0.000160546	9.4049e-11
0.000109679	1.91158e-11
9.49517e-05	6.75275e-12
8.34506e-05	2.43733e-11
6.15134e-05	1.06378e-11
7.3576e-05	8.35381e-13
0.000144014	4.60825e-11
0.00019941	1.03791e-11
3.79263e-05	2.55509e-11
4.85049e-05	5.14083e-12
6.39007e-05	2.6059e-11
0.000113108	9.3604e-11
0.000129472	1.0068e-10
0.000122335	1.29411e-11
0.000181171	1.21854e-10
0.000178495	1.75523e-11
0.000171429	4.33344e-11
0.000183335	6.64496e-11
4.03803e-05	2.90552e-12
3.2701e-05	1.12484e-11
5.03822e-05	1.06765e-11
0.00014221	1.01041e-11
0.000123927	2.16274e-11
0.000152901	7.20385e-11
0.000136106	9.74935e-12
8.25028e-05	4.61474e-11
0.000103995	1.72347e-11
3.15401e-05	5.24802e-12
4.19136e-05	1.10659e-11
4.51453e-05	7.0159e-12
6.59524e-05	1.01092e-11
7.71483e-05	2.00441e-11
8.08129e-05	9.98399e-12
9.57566e-05	1.95511e-11
0.000162571	9.2609e-12
0.000194007	6.6011e-12
4.65644e-05	1.13315e-11
3.96541e-05	3.44339e-12
3.70089e-05	3.88033e-11
3.10994e-05	3.46985e-12
9.88027e-05	1.45643e-10
5.66041e-05	3.1218e-12
1.78762e-05	5.26323e-12
3.27056e-05	5.71909e-12
0.000191408	1.6198e-11
0.000180415	3.76177e-11
0.000149306	7.35625e-11
0.000137916	1.82508e-11
0.000121948	2.76652e-11
7.79813e-05	2.26598e-11
9.70556e-05	1.25068e-11
6.17087e-05	4.18702e-11
8.76361e-05	6.19541e-12
5.45111e-05	3.05178e-12
1.97461e-05	1.84898e-11
0.000149459	1.2394e-10
0.000114303	1.59936e-11
8.08918e-05	4.00855e-11
5.68597e-05	9.58648e-12
2.50155e-05	3.64859e-13
9.65131e-05	2.21228e-11
8.7913e-05	1.3047e-11
0.000177909	5.59444e-11
0.000101532	1.63547e-11
9.70803e-05	6.3272e-12
0.000237801	8.46337e-12
0.00023078	1.10895e-10
1.65014e-05	1.53054e-10
6.43342e-06	1.39817e-12
2.6007e-05	4.6079e-12
6.58281e-05	4.77757e-12
0.000117333	2.89318e-11
0.000153599	4.98671e-11
0.000158859	1.50059e-11
0.000175579	6.26152e-11
3.10742e-05	7.15064e-12
3.297e-05	4.62108e-12
0.000130215	1.90713e-11
0.000132162	5.08503e-12
0.000111108	1.23025e-10
0.000132674	2.17578e-11
0.000173608	1.05384e-11
6.34973e-05	2.50166e-11
0.000141942	1.65616e-11
0.000151913	1.1957e-11
5.08625e-05	8.58777e-12
9.84411e-05	1.92897e-11
9.43372e-05	3.36641e-12
0.000129128	5.73863e-11
2.83222e-05	1.19514e-10
9.6695e-05	7.75069e-12
0.000160197	1.96748e-11
2.18503e-05	7.40168e-12
5.28237e-05	2.58867e-11
4.45871e-05	4.07092e-12
0.000249144	5.36996e-11
0.000194351	5.07015e-11
0.000123216	9.73622e-11
0.000123659	1.6e-11
0.000104186	1.07671e-11
9.72495e-05	1.30354e-11
9.48819e-05	2.56137e-11
9.83881e-05	1.0092e-11
6.4385e-05	1.54309e-11
6.3906e-05	1.07087e-12
0.000105319	3.00075e-11
7.98646e-05	8.9817e-12
7.93506e-05	4.59881e-12
4.38523e-05	2.10037e-11
7.44674e-05	6.61712e-11
8.69718e-05	1.04198e-11
6.59173e-05	3.19303e-11
6.98268e-05	4.81739e-12
5.84984e-05	1.35047e-11
0.000172159	6.12973e-11
0.000185028	3.63583e-11
0.00015591	1.64305e-11
0.00015379	1.99979e-11
0.000192528	1.17933e-10
0.000140804	6.64624e-11
8.51075e-05	1.46389e-11
0.000113763	8.61081e-12
0.000261707	7.15034e-11
0.000101277	7.10577e-12
1.81965e-05	9.57784e-13
1.99975e-05	6.92221e-13
0.000104079	9.74583e-12
0.000114401	5.07021e-11
0.000111314	6.83047e-12
0.000178392	1.02076e-10
4.82086e-05	5.44574e-12
6.38771e-05	6.69725e-11
7.71118e-05	6.4898e-12
0.000116284	8.84208e-11
0.000148415	1.11469e-10
0.000181306	1.73655e-10
0.000188662	2.0581e-11
9.05219e-05	1.48932e-11
0.000153947	1.8286e-10
6.4276e-05	2.39137e-11
7.61551e-05	5.22206e-12
0.000131225	2.5746e-11
0.000121472	4.98147e-12
3.939e-05	2.51601e-11
7.14963e-05	8.80505e-12
8.26867e-05	3.08336e-11
8.86111e-05	3.62725e-11
8.68866e-05	9.08573e-12
0.00011306	2.23487e-11
0.000160574	1.92218e-11
3.5097e-05	2.70804e-12
4.59297e-05	1.34967e-11
0.000134462	3.18911e-11
0.000118684	9.58827e-11
5.88056e-05	1.25666e-11
5.84469e-05	5.61064e-12
0.000175232	8.35695e-11
0.000171666	6.54559e-11
0.000161101	5.87844e-11
0.000119516	6.98038e-11
0.000123068	1.83902e-11
0.000112347	4.77169e-11
9.78225e-05	4.51358e-11
8.73687e-05	2.51375e-11
8.53391e-05	5.3158e-12
7.24198e-05	2.2316e-11
5.75096e-05	5.70387e-11
6.24904e-05	7.73581e-12
3.4203e-05	5.51137e-12
8.21804e-05	8.94719e-12
5.25006e-05	2.62087e-11
0.000149083	2.31404e-11
0.000144685	4.94303e-11
0.000101277	5.48554e-12
8.64224e-05	4.71001e-12
7.27194e-05	6.25409e-12
5.15199e-05	3.21671e-11
0.000103463	1.23872e-10
0.000104368	1.16587e-11
0.000142469	6.25025e-11
6.98773e-05	1.33283e-11
8.60401e-05	7.67479e-12
6.48609e-06	2.34536e-12
1.91157e-05	5.47353e-12
4.74015e-05	3.84131e-12
0.000120159	1.35295e-11
0.000148078	7.20952e-11
0.000179117	2.31136e-11
0.000178513	2.80465e-11
0.000189389	1.81163e-11
0.000196275	4.00547e-11
3.11613e-05	6.7492e-12
2.40525e-05	1.01448e-12
3.54838e-05	6.65925e-13
2.80224e-05	1.73551e-12
6.98408e-05	1.19925e-11
9.73822e-05	8.72654e-11
0.000179539	1.95583e-11
0.000152568	1.33661e-10
8.16483e-05	8.41722e-11
8.67505e-05	1.95526e-11
0.000125466	1.52655e-11
9.02873e-05	2.10991e-11
4.9192e-05	1.23047e-11
0.000118047	2.04756e-10
9.16041e-05	2.6949e-11
8.14441e-05	2.05602e-12
0.000144765	2.07373e-11
9.69167e-05	1.43532e-11
9.27565e-05	9.09334e-12
0.000182606	3.25932e-11
9.45898e-06	9.80473e-13
0.000183855	1.18529e-10
0.000188727	7.7257e-12
0.000162395	5.66183e-11
0.000169317	2.85248e-11
0.000113522	6.51147e-11
9.30884e-05	5.10133e-11
7.59928e-05	3.01657e-11
0.000150647	5.44218e-12
7.13878e-05	8.99514e-12
2.33979e-05	5.91263e-11
3.99434e-05	7.57848e-12
4.02927e-05	1.25784e-11
3.15856e-05	2.89486e-11
7.97816e-05	2.41761e-11
9.08889e-05	1.55523e-10
7.52246e-05	1.50727e-11
7.13098e-05	1.83129e-11
6.85736e-05	8.4014e-12
3.01508e-05	5.95188e-12
8.64598e-05	3.83824e-11
0.000127454	5.43456e-11
0.000149174	1.1471e-10
0.000135847	5.57305e-11
2.85089e-05	1.78005e-12
5.57132e-05	2.10933e-11
8.86209e-05	3.32799e-11
0.000128407	3.48401e-11
0.000134231	1.36376e-11
0.000141749	2.0844e-11
2.18274e-05	1.03211e-11
3.77265e-05	2.35489e-11
3.64084e-05	3.26224e-12
0.000102537	9.43606e-12
0.000121465	2.22164e-11
9.33097e-05	8.30413e-12
9.69044e-05	1.38084e-11
0.00013295	3.19392e-11
5.01453e-05	1.24023e-11
0.000124459	1.51291e-11
0.000108604	8.83743e-12
0.00012026	1.1079e-11
6.65446e-05	3.12135e-11
2.86305e-05	4.03783e-12
5.01096e-05	4.31102e-12
0.00020105	3.45708e-11
0.000184177	4.32823e-11
0.000167233	7.32209e-12
0.000121376	9.13867e-11
0.000110725	3.91708e-11
9.70949e-05	1.82001e-10
8.02474e-05	2.2586e-11
5.98548e-05	2.47816e-12
4.93458e-05	6.44291e-11
3.50317e-05	3.81921e-12
7.60226e-05	2.10012e-11
0.000114548	1.83924e-11
3.67122e-05	3.9788e-12
8.79368e-05	6.81034e-12
6.45901e-05	7.10404e-12
5.42885e-05	3.19449e-11
2.31178e-05	2.02933e-12
3.21347e-05	2.19843e-12
9.89328e-05	3.80469e-12
0.000115604	6.72952e-11
6.3096e-05	2.40882e-11
0.00014337	3.18764e-11
0.00017137	1.38425e-10
0.000157304	3.14864e-11
1.97834e-05	1.35633e-11
1.52616e-05	3.39838e-12
1.73319e-05	4.57579e-12
6.29756e-05	2.45628e-11
8.19813e-05	2.04905e-11
8.98771e-05	6.4088e-12
0.00014891	8.19013e-11
0.000131909	8.21254e-12
5.78467e-05	4.22829e-11
5.55361e-05	3.31227e-11
8.32022e-05	1.49769e-11
0.000175721	1.20782e-10
7.66744e-05	4.09578e-11
6.15694e-05	5.05708e-12
0.00010831	1.06459e-11
1.8542e-05	1.35744e-12
2.20742e-05	1.76591e-12
2.25774e-05	3.1186e-12
2.92453e-05	9.1288e-12
6.40271e-05	1.54895e-11
8.30227e-05	1.05827e-11
0.000102093	5.13054e-12
0.000113163	9.38835e-12
0.000136379	3.84714e-11
0.000156221	3.60109e-11
4.38363e-05	3.44646e-12
0.000226577	1.13788e-10
0.000151899	1.05354e-10
0.000194023	5.47556e-11
0.00014838	2.10995e-11
9.06192e-05	4.88804e-12
1.4455e-05	3.09409e-12
3.97704e-05	2.33357e-11
4.78886e-05	1.20134e-11
0.000182475	4.91687e-11
0.000168796	1.68178e-11
0.000141323	6.35629e-11
0.000101996	8.27108e-12
9.28549e-05	2.89223e-11
8.50654e-05	2.86647e-11
8.87311e-05	7.68763e-12
2.95764e-05	1.021e-11
3.28694e-05	3.26071e-12
0.000118958	1.64846e-11
8.2162e-05	1.76383e-11
0.000110608	1.39066e-11
0.00011195	8.23138e-11
7.937e-06	5.12104e-12
3.16399e-05	8.70351e-12
2.92365e-05	2.57834e-12
0.000137635	1.90179e-11
0.000126387	1.28696e-11
0.000125907	1.42967e-11
0.000121472	4.3817e-12
0.000110282	5.47908e-11
0.000118086	1.59333e-11
9.96006e-05	1.00321e-10
5.96121e-05	3.07118e-11
0.000114786	2.73925e-11
0.000179542	3.02582e-11
8.65236e-05	2.2227e-11
0.000139598	1.22896e-11
0.000144722	5.81051e-11
6.65779e-06	2.74318e-12
1.81872e-05	1.17359e-11
7.0638e-05	7.89415e-12
0.000148915	3.12872e-11
0.000135441	4.34349e-12
0.000133908	5.84085e-11
0.000107513	1.20011e-11
0.000124166	1.13071e-11
0.000138028	7.65651e-11
4.98397e-05	7.45119e-12
0.000138118	7.60879e-11
0.00014177	2.74612e-11
0.00017847	1.07786e-11
0.000106545	1.17712e-11
0.000127053	1.17328e-11
0.000143823	3.9773e-11
0.000142186	3.99328e-12
0.000104193	4.65438e-11
8.89335e-05	2.84462e-11
5.93534e-05	3.6709e-12
9.66517e-05	1.12568e-10
0.000179131	7.01369e-11
0.000108494	3.06035e-11
9.02898e-05	2.01608e-11
0.000159389	1.57289e-11
0.00014706	5.19169e-11
0.000188607	3.91632e-11
0.000178114	1.74496e-11
0.000171204	6.73766e-12
0.000159038	2.93591e-11
0.000150719	4.68974e-11
0.000112028	1.80596e-12
7.88446e-05	3.72894e-11
0.000160357	4.61375e-11
0.000159043	5.1831e-11
6.69992e-06	8.37349e-13
7.16372e-05	1.80295e-11
7.61253e-05	5.71471e-12
8.42903e-05	1.56649e-11
9.57085e-05	7.0977e-11
9.72783e-05	2.34094e-11
0.000114798	2.34412e-11
4.23989e-05	8.34575e-12
6.71399e-05	6.99455e-12
7.88498e-05	1.25281e-10
0.000123597	1.42132e-11
0.000106478	2.82428e-11
0.000136802	1.55868e-11
3.1016e-05	4.00541e-12
3.70365e-05	2.91724e-11
5.50552e-05	2.19505e-12
0.000131512	4.81782e-12
0.000141712	6.6915e-11
0.000146367	6.63749e-12
0.000174918	3.8457e-11
5.18951e-05	3.9703e-11
0.000174715	3.84814e-11
0.000124988	1.10523e-11
0.000139739	6.1284e-11
7.62017e-05	1.63807e-11
0.000116592	1.78839e-11
0.000128283	1.27292e-11
0.000130179	1.35602e-11
5.12314e-05	1.87823e-11
4.44254e-05	1.62547e-11
3.77763e-05	3.47174e-12
0.000192975	9.10634e-12
0.000148809	2.12042e-11
0.000146365	2.23359e-11
0.00013798	1.94024e-11
7.45268e-05	8.89958e-12
9.06283e-05	5.2737e-12
0.000107025	1.98154e-11
0.000165015	2.83079e-11
0.000168327	1.65906e-11
0.000156113	2.02208e-11
0.000136745	1.05135e-11
0.0001337	2.12239e-11
0.000120635	2.2637e-11
0.000119861	4.14634e-11
8.8923e-05	3.91083e-12
0.000115497	2.54755e-12
0.000157769	3.14995e-11
5.8052e-05	6.80201e-12
7.20949e-05	8.61726e-12
9.1847e-05	3.84758e-12
2.65044e-05	2.99914e-12
4.11945e-05	2.18078e-11
3.49432e-05	1.65529e-12
4.56316e-05	1.93736e-11
9.58453e-05	1.88999e-12
0.000112028	2.78699e-12
0.0001334	4.78741e-11
0.000145158	7.39802e-11
8.90565e-05	2.30184e-11
0.000113272	2.29629e-11
8.26206e-05	9.0079e-12
0.000122684	4.36149e-12
0.000134111	4.65493e-12
0.000123317	1.29467e-11
0.000139247	3.43724e-11
7.64534e-05	7.23465e-12
9.73507e-05	9.49319e-11
9.60233e-05	2.19113e-11
0.000107901	2.93838e-11
0.000134649	1.69146e-11
0.000145871	1.57112e-11
0.000164642	6.68889e-11
3.1001e-05	1.80347e-12
8.65839e-05	1.12636e-10
6.74763e-05	1.12988e-11
0.00013707	7.54785e-11
0.000112028	1.50218e-12
5.92221e-05	9.57825e-12
0.000163132	1.66523e-10
0.000199354	1.2194e-10
0.000112049	2.32832e-11
6.6233e-05	8.20793e-12
0.000139021	2.9447e-11
8.0102e-05	2.07427e-12
7.87755e-05	4.21999e-12
2.17943e-05	2.92491e-12
5.23435e-05	7.3632e-12
0.000128153	3.2982e-11
0.000108454	1.46941e-10
0.000111962	2.08036e-11
8.46511e-05	2.10086e-11
6.61563e-05	3.05575e-12
8.08991e-05	1.66887e-11
7.24319e-05	6.75407e-12
0.000157928	1.77023e-11
0.000147713	2.77438e-11
0.000122069	1.11437e-11
9.27867e-05	1.76121e-11
6.38989e-05	7.33852e-12
7.29011e-05	5.95371e-12
6.69185e-05	4.38263e-12
6.06402e-05	7.493e-12
2.7326e-06	5.09118e-12
2.76168e-05	9.78234e-13
5.29844e-05	2.10189e-12
6.95009e-05	3.63864e-11
9.42654e-05	1.24861e-10
9.20434e-05	9.6953e-11
0.000118052	2.91478e-11
0.000112722	1.59474e-11
0.000123603	6.32465e-12
0.000129352	8.57661e-12
0.000141002	4.65678e-11
0.000176105	1.87077e-11
0.000176127	1.97513e-11
0.000183534	1.63859e-11
4.16664e-05	8.90411e-11
5.91585e-05	2.76762e-11
0.000113219	2.45046e-11
9.82386e-05	3.58547e-11
6.20943e-05	8.99886e-12
7.77594e-05	6.51843e-12
0.000105297	1.76054e-11
8.03422e-06	2.01823e-12
4.57372e-05	5.15646e-12
8.74191e-05	7.40295e-12
9.58161e-05	4.40094e-12
0.000127279	2.73094e-11
0.00015244	3.86476e-11
0.000161348	5.32145e-11
0.00017689	1.61693e-11
0.000189275	4.01929e-11
3.35384e-05	1.70335e-11
4.23413e-05	8.62583e-12
0.000156907	8.39579e-11
0.000174392	5.62127e-11
0.000211842	3.56602e-11
0.000148642	5.18528e-11
1.63325e-05	6.45984e-12
2.81992e-05	4.66415e-12
2.23619e-05	6.94427e-12
1.51572e-05	4.21265e-12
0.000146338	9.80592e-11
0.000149836	1.90008e-11
0.000130573	2.13469e-11
0.000125772	3.14801e-11
0.00011673	1.54911e-11
0.000110672	6.99161e-12
6.15874e-05	2.09687e-11
0.000165062	8.85989e-12
6.90121e-05	4.31505e-12
0.000169065	3.46389e-11
2.42893e-05	5.9254e-12
0.000225768	3.35187e-11
0.000111352	1.59025e-10
8.02786e-05	8.45763e-12
7.69854e-05	4.83893e-12
7.47617e-05	1.66855e-11
5.84069e-05	5.77446e-12
0.000121341	4.75507e-11
0.000217812	2.34256e-11
8.71017e-05	2.31429e-11
4.55884e-05	1.08557e-11
0.000154983	3.06836e-11
0.000217911	8.28692e-11
0.000106097	2.09257e-11
0.000132362	3.52407e-11
0.00010371	4.56052e-12
2.69697e-05	6.47931e-13
7.70547e-05	3.01402e-11
7.35183e-05	4.53768e-12
8.84443e-05	1.88418e-11
9.58631e-05	7.11342e-12
0.000133866	5.30846e-11
0.000155762	9.31968e-12
0.000183569	6.11742e-12
0.000104456	2.00156e-11
8.90054e-05	1.82642e-11
7.44324e-05	2.00952e-11
6.66952e-05	3.1101e-12
0.000175311	9.51065e-11
6.36219e-05	1.18405e-11
5.49955e-05	1.34543e-11
0.000154911	1.25986e-10
0.000187225	3.94132e-11
8.50592e-05	1.86467e-11
7.4329e-05	7.43055e-12
9.97243e-05	3.72818e-11
6.47065e-05	5.89281e-12
3.90547e-05	1.24545e-11
3.3006e-05	6.67975e-12
0.000131882	6.79941e-11
5.47335e-05	3.20581e-11
4.72203e-05	2.39139e-12
0.000113763	5.02061e-12
6.31389e-05	1.65896e-11
0.000234619	8.32259e-12
0.000216399	9.38366e-12
0.000216399	8.55439e-12
0.000188674	3.81485e-11
0.000176069	6.22696e-12
0.000146718	2.85858e-11
0.000143354	2.55213e-11
0.000126763	5.51116e-11
9.58738e-05	4.89484e-11
1.16593e-05	4.50203e-12
2.09125e-05	1.18716e-11
1.28217e-05	8.36177e-13
1.79568e-05	1.58123e-12
2.61444e-05	2.21949e-11
3.05549e-05	2.96039e-12
5.59477e-05	2.35415e-12
0.000117994	9.75001e-12
0.000155384	1.99945e-11
0.00024257	6.48518e-11
4.29083e-05	3.59055e-12
7.44073e-05	2.38107e-12
8.5775e-05	1.81402e-11
8.98518e-05	2.03355e-12
0.000132137	3.02291e-11
0.000234662	2.41636e-11
0.000222332	1.27676e-11
0.000174656	2.33551e-11
0.000195815	3.62885e-11
0.000161464	1.69942e-11
0.000208365	2.92792e-11
0.000146346	1.85336e-11
0.000196708	1.3792e-11
0.000162659	5.09563e-11
0.000145808	1.00221e-10
0.000154687	5.11546e-11
0.000150595	1.19933e-11
0.000148507	5.68044e-12
0.000132771	8.42837e-12
8.63855e-05	1.85818e-11
0.000119471	6.77734e-12
6.1903e-05	2.94489e-12
0.000106128	1.26574e-11
0.000220791	8.58686e-11
0.000204606	8.51898e-11
0.000200873	2.86404e-11
0.00018633	9.1502e-11
0.000140459	7.21713e-11
0.000118973	1.90974e-11
0.000107663	1.31057e-11
9.10387e-05	3.92607e-11
8.42248e-06	1.73003e-12
3.68662e-05	4.07841e-11
3.47363e-05	2.02818e-12
4.27363e-05	1.907e-11
6.23146e-05	1.14387e-11
0.000110456	1.02139e-10
0.000111493	1.9045e-11
8.94992e-05	8.73429e-12
0.000135662	4.96371e-12
8.14652e-05	4.87204e-12
9.16976e-05	9.33489e-11
0.000110132	4.1737e-11
0.000106399	6.49099e-12
0.000228674	7.0727e-11
0.000225368	7.86421e-12
0.000220354	1.06108e-11
8.07657e-05	1.70051e-10
0.000108605	6.02462e-12
0.000190499	4.04752e-11
0.000161997	2.41649e-11
0.000115459	1.11518e-11
6.00676e-05	6.30067e-12
0.000170767	1.62068e-11
0.000144277	1.26208e-11
0.000113337	2.05175e-11
0.000149825	5.89281e-11
0.000171204	1.1782e-11
0.00015677	2.48761e-11
0.000144869	2.40223e-11
0.00013132	3.35323e-11
0.000122098	2.06502e-11
0.000102689	4.3211e-11
0.000102875	5.94433e-12
8.94257e-05	1.22377e-11
7.70395e-05	5.60545e-11
2.98324e-05	4.25659e-12
4.25044e-05	8.29312e-12
5.65038e-05	3.64988e-11
9.08648e-05	4.71991e-12
1.8309e-05	3.5194e-12
5.06366e-05	6.42427e-12
3.74886e-05	5.25872e-12
3.10263e-05	5.19756e-12
0.000203325	5.58972e-11
0.000134739	1.34759e-10
0.000116224	1.07106e-11
0.000100197	6.44902e-12
9.45263e-05	1.05264e-11
7.18053e-05	1.3183e-11
6.99836e-05	4.55527e-11
6.72674e-05	1.87195e-11
6.23861e-05	2.5357e-12
0.000143978	1.05879e-11
0.000144705	2.69809e-11
2.64019e-05	1.02193e-10
1.90671e-05	3.83638e-13
3.25125e-05	3.31161e-12
4.19549e-05	1.54794e-11
0.0001376	5.70517e-11
8.84163e-05	8.2144e-12
0.000102958	8.31127e-11
0.000116738	2.56079e-11
0.000139416	1.29904e-11
0.000116272	3.89865e-11
0.000195388	8.56449e-12
9.95189e-05	1.87386e-11
0.000153971	1.44813e-11
7.41815e-05	3.76874e-11
8.81362e-05	4.8779e-12
0.000116956	3.95509e-11
0.000144055	3.49348e-11
0.000183555	4.92986e-11
3.62917e-05	4.03121e-12
3.22964e-05	5.63838e-12
5.63966e-05	1.90538e-11
8.64993e-05	1.20225e-10
8.79416e-05	1.24068e-11
0.000180298	4.95753e-11
0.000191331	3.2337e-11
0.000150863	3.47659e-11
0.000182346	3.09347e-11
5.65594e-05	9.97337e-12
3.3518e-05	4.48284e-12
2.98988e-05	4.45167e-12
3.05957e-05	2.76049e-12
2.56687e-05	1.10964e-12
0.000204941	1.22853e-11
0.00019941	7.25875e-12
0.00015529	2.18065e-11
0.00011351	1.60793e-11
0.000100971	2.83823e-11
8.00049e-05	3.68466e-11
7.23245e-05	3.2079e-12
6.84377e-05	9.49592e-12
2.90631e-05	1.86653e-12
0.00013581	3.01684e-11
0.000138054	3.16294e-12
0.000105273	2.74719e-11
5.93882e-05	8.59789e-12
2.7223e-05	5.10844e-12
6.28681e-05	1.18749e-10
2.95511e-05	1.67109e-11
0.000194868	4.25436e-11
0.000186021	5.99652e-11
0.000143975	8.03321e-11
0.000128508	1.27267e-11
0.000131844	1.49794e-11
9.62793e-05	4.33814e-11
0.000101104	1.52871e-11
7.82468e-05	2.45168e-11
7.71866e-05	4.67651e-12
4.54283e-05	3.35294e-11
6.4814e-05	9.19998e-12
8.56655e-05	1.24377e-11
0.000145735	1.71296e-11
8.05124e-05	1.40804e-11
1.57405e-05	5.57054e-12
2.0581e-05	5.69473e-12
1.91949e-05	1.54553e-12
9.53811e-05	1.46919e-11
0.000122558	3.2118e-11
3.25962e-05	4.74258e-12
0.000142455	7.49475e-11
0.000155027	5.2648e-12
0.000136771	8.34898e-12
1.95772e-05	3.89698e-12
2.2434e-05	8.07214e-12
3.39098e-05	4.40561e-12
3.75866e-05	1.36051e-12
4.43384e-05	9.86871e-12
0.000195981	2.18946e-11
0.000109037	1.26482e-11
6.1171e-05	4.25514e-11
0.000107992	8.12205e-12
7.56375e-05	3.79207e-12
0.000131265	5.87797e-11
0.000142138	1.21888e-11
6.01622e-05	8.53578e-12
0.000131949	2.75579e-11
0.000168704	1.77193e-11
0.000130168	8.65262e-12
3.58534e-05	3.68806e-11
4.00281e-05	4.1972e-11
0.000216399	1.30181e-11
0.000187422	3.16623e-11
0.000130797	1.17929e-10
9.41908e-05	8.91859e-11
9.47932e-05	2.66331e-11
4.16417e-05	3.26887e-12
3.95783e-05	1.09997e-11
9.87889e-05	8.11967e-12
0.000138128	9.06408e-12
9.28316e-05	1.25227e-11
5.20067e-05	2.76486e-11
4.358e-05	2.07174e-12
0.000177911	1.42778e-11
0.000170995	6.52532e-11
0.000103728	8.4858e-11
8.0811e-05	8.11303e-12
8.68317e-05	1.04111e-10
2.87067e-05	5.31342e-13
0.000193857	1.38719e-11
0.000204923	1.46482e-11
7.07929e-05	7.81953e-12
0.000148468	1.13835e-11
7.87342e-05	1.36386e-11
3.44601e-05	1.09469e-10
8.45103e-06	5.86165e-12
4.60865e-05	5.53942e-12
8.44236e-05	1.12092e-11
9.22084e-05	1.48769e-11
9.31641e-05	1.65216e-11
0.000149448	5.02351e-11
0.000152365	5.53306e-11
0.000183513	6.44193e-12
9.73891e-05	2.87797e-12
0.000113224	5.49157e-11
0.000197885	1.69241e-11
0.000165146	2.25954e-11
0.000160155	1.52696e-11
7.21413e-05	5.49745e-12
0.000141574	4.07275e-11
7.87786e-05	5.25959e-12
1.31762e-05	1.94425e-12
4.46122e-05	1.40153e-11
5.91856e-05	7.23184e-12
6.53677e-05	2.4752e-11
0.000103613	1.10865e-10
8.86192e-05	8.4898e-12
9.58132e-05	8.30658e-12
9.57719e-05	5.79797e-12
0.000109093	3.41715e-11
0.000131935	1.62377e-10
0.000144026	1.23908e-10
0.000163973	2.12214e-11
0.000213921	5.89514e-11
0.000262213	8.05632e-11
2.90728e-05	6.39681e-12
0.000134217	6.11842e-11
7.23174e-05	7.03913e-11
9.23035e-05	2.5471e-11
0.000102535	1.18034e-11
5.62442e-05	5.86405e-12
0.000164708	4.45338e-11
0.000121483	2.12263e-11
0.000100051	1.00941e-10
9.28466e-05	5.84458e-12
2.7689e-05	3.32822e-11
0.000140668	8.70831e-11
9.44308e-05	4.92125e-11
9.54192e-05	6.95107e-12
8.32907e-05	6.58728e-11
7.91302e-05	5.38383e-12
4.77798e-05	7.74092e-12
9.39056e-05	2.06392e-11
3.38339e-05	7.18856e-12
0.000219886	2.19711e-11
0.000189617	2.16068e-11
0.00018105	5.98915e-12
0.000159538	7.37459e-12
0.000140552	5.56027e-12
0.000108656	3.52166e-11
4.25079e-05	1.27236e-11
3.65996e-05	8.48013e-12
6.00942e-05	9.94998e-12
0.000225789	3.9483e-11
0.000204871	7.23271e-12
0.000190033	1.73424e-11
2.7495e-05	9.31455e-11
3.57492e-05	1.64686e-11
3.89631e-05	1.15069e-11
4.02592e-05	6.2406e-12
4.67918e-05	1.02121e-11
6.23639e-05	4.28192e-11
7.93156e-05	3.59775e-11
0.000150926	2.36153e-11
0.000172136	3.75815e-11
4.88121e-05	4.76538e-12
4.31816e-05	2.1709e-12
3.1469e-05	9.98286e-12
3.62483e-05	3.65565e-12
6.1795e-05	7.86716e-12
5.86833e-05	7.65879e-12
6.05386e-05	4.46749e-12
3.08256e-05	6.03559e-11
2.09136e-05	9.64278e-12
5.36892e-05	1.03774e-11
5.47649e-05	6.96586e-12
6.96062e-05	4.15781e-12
8.39049e-05	1.30282e-11
0.000123629	4.64257e-11
0.000121879	3.8023e-11
0.000133466	1.29953e-10
0.00014568	3.946e-11
0.000154988	1.28267e-11
0.000188079	4.49449e-11
5.52399e-05	1.60685e-11
3.46735e-05	2.7744e-11
4.04199e-05	1.67927e-11
4.6433e-05	1.39227e-11
0.000158208	5.82197e-11
7.11544e-05	2.70533e-11
0.00012926	5.92684e-12
0.000150504	1.65268e-11
0.00015498	6.07433e-12
0.000147579	2.30857e-11
0.00013923	1.24637e-11
1.65617e-05	1.43847e-11
3.38463e-05	1.47881e-11
3.03038e-05	3.50316e-12
0.000238861	1.51776e-11
0.000150518	6.56734e-11
0.000145263	8.45986e-11
0.000146255	1.4519e-11
0.000138054	4.24832e-12
0.000123389	2.24891e-11
0.00011527	4.58548e-11
9.15758e-05	1.25842e-10
7.32933e-05	1.11099e-11
6.94384e-05	5.34425e-12
5.45849e-05	3.66305e-11
3.55153e-05	3.93482e-12
8.56151e-05	2.84661e-11
4.34024e-05	6.06496e-11
0.000251038	1.03561e-10
0.000247206	7.30568e-11
0.00019408	5.96384e-11
8.52123e-05	1.14932e-11
0.000118927	2.39951e-11
0.000150324	8.95777e-11
2.53003e-06	3.05628e-12
1.10559e-05	8.80433e-12
1.21599e-05	3.99745e-12
2.04457e-05	9.60129e-12
4.5542e-05	4.32089e-12
5.42598e-05	1.84845e-11
5.22553e-05	5.53087e-12
7.53938e-05	5.45536e-11
8.47541e-05	4.38121e-12
0.000102062	2.52492e-11
0.000130235	9.15444e-12
0.00015424	1.14617e-10
0.000157963	2.93507e-11
4.03204e-05	5.0334e-11
6.36919e-05	2.30137e-11
7.141e-05	1.67393e-11
0.00012079	5.01574e-11
8.85489e-05	1.02682e-11
8.83558e-05	7.56186e-11
7.46703e-05	1.07246e-11
6.46903e-05	9.35333e-12
9.29711e-05	1.31924e-11
5.61411e-05	5.43271e-12
0.000124418	1.57451e-11
1.10617e-05	1.36926e-12
2.71795e-05	2.97336e-11
3.5665e-05	6.40114e-11
4.33579e-05	2.09173e-11
6.59378e-05	6.4421e-11
6.91389e-05	2.81125e-11
0.000130756	3.45242e-11
0.000142594	2.80571e-11
0.000135605	1.42939e-11
0.000134138	1.49229e-11
0.000142811	1.38924e-11
0.000148507	6.59396e-12
0.000166736	9.90098e-11
0.000165056	4.9954e-11
0.000164101	6.27627e-12
0.000171662	3.10438e-11
0.00018362	2.6228e-11
4.18036e-05	1.63052e-10
3.32377e-05	2.91851e-12
0.000105353	7.22921e-12
9.52563e-05	6.79665e-12
0.000143919	8.61542e-11
0.000173496	1.60235e-11
0.000117051	2.57692e-11
8.44431e-05	2.47915e-11
1.56699e-05	1.8762e-11
1.71749e-05	2.28069e-12
2.1382e-05	3.66789e-11
0.000156648	4.56005e-11
0.00010988	5.22097e-11
8.22266e-05	2.67725e-11
8.11093e-05	1.41247e-11
7.95082e-05	1.47712e-11
6.66328e-05	3.84518e-11
6.68589e-05	1.33726e-11
2.21532e-05	3.29407e-11
7.81203e-06	1.31273e-12
3.06179e-05	6.49911e-12
0.000191406	2.89694e-11
0.000146992	1.12432e-11
0.000121622	2.41538e-11
8.80618e-05	1.96829e-11
0.000198355	1.79173e-11
0.00016317	7.86392e-11
6.94785e-06	1.16984e-11
1.90862e-05	1.25147e-11
1.63015e-05	4.74222e-12
3.96084e-05	1.95009e-11
4.46579e-05	8.92978e-12
5.81492e-05	3.79385e-11
7.21216e-05	6.27782e-12
0.000109022	4.94624e-11
9.87633e-05	7.97488e-12
0.000134831	4.58321e-11
0.000134111	1.69264e-12
0.000159603	8.39531e-11
0.000156475	2.22978e-11
0.00016639	4.80007e-11
0.000168799	6.78847e-12
4.48842e-05	1.52473e-11
6.21058e-05	3.35892e-11
0.000136237	2.25075e-11
0.00013092	2.33694e-11
1.41595e-05	9.07584e-12
6.24271e-06	1.85558e-12
1.78738e-05	4.60066e-12
3.38807e-05	1.86477e-11
4.06048e-05	6.68418e-12
7.37555e-05	2.26968e-11
7.39511e-05	2.25746e-11
9.65925e-05	5.62206e-12
9.97885e-05	2.00549e-11
4.01295e-05	5.2753e-12
2.92601e-05	4.44175e-12
0.000135366	9.87223e-11
0.000105581	1.88979e-11
9.27943e-05	1.54442e-11
0.000138101	4.43313e-12
0.00017857	2.23363e-11
9.66573e-05	1.63578e-11
1.34679e-05	1.99649e-12
5.33118e-05	6.00711e-11
3.67074e-05	4.72707e-12
9.20602e-05	3.24519e-11
8.01419e-05	2.74156e-11
6.90549e-05	7.6514e-11
3.13824e-05	7.92492e-12
0.000242647	2.02048e-11
0.000175521	2.00837e-11
0.000310479	1.14657e-10
0.000118027	3.26872e-11
0.00014295	3.04313e-11
9.7027e-06	1.20719e-11
2.02798e-05	2.56243e-12
3.8829e-05	1.91618e-11
4.95312e-05	3.64196e-12
5.09892e-05	1.0061e-11
6.98029e-05	6.27141e-12
8.13655e-05	3.86899e-11
7.65478e-05	1.40688e-11
9.32843e-05	2.29481e-11
0.000109334	2.18069e-11
0.000108602	2.33157e-12
0.000167457	1.05317e-11
0.000177911	5.44757e-11
2.93491e-05	1.2491e-11
9.49047e-05	3.48775e-11
0.000108028	4.46489e-11
7.01103e-05	1.71174e-11
6.3185e-05	6.39401e-12
6.10432e-05	1.35294e-11
6.69843e-05	9.6988e-12
7.29388e-05	1.98932e-11
9.25013e-05	2.39649e-11
0.000169928	1.00789e-10
0.000216196	7.67927e-11
0.000231512	2.51396e-11
4.41332e-05	3.4081e-11
0.00016669	1.56812e-11
0.000157894	3.26185e-11
5.97152e-05	3.81157e-12
7.61169e-05	2.67246e-11
0.000151505	2.18097e-11
8.81334e-05	7.87372e-12
9.7994e-05	2.61874e-11
2.70893e-05	1.50563e-11
3.42471e-05	1.25056e-11
0.000107017	2.94534e-11
0.000275024	1.92742e-11
0.000124544	6.17715e-12
0.000129227	7.56775e-12
0.000141962	7.15104e-11
0.000144123	3.43179e-11
0.000159783	4.13816e-11
0.000195568	1.64155e-11
9.76507e-05	7.79459e-12
1.82776e-05	8.76205e-12
5.23289e-05	7.91359e-12
5.43534e-05	1.10696e-11
0.000106128	8.37873e-12
0.000114714	4.61442e-11
0.000179465	3.78812e-11
0.00019691	1.02985e-10
0.00018371	4.5601e-11
0.000228326	1.98197e-11
7.63994e-05	1.53487e-11
0.000180069	4.98297e-11
8.77662e-05	2.062e-11
8.01745e-05	3.05794e-11
8.05247e-05	3.00243e-12
6.7173e-05	3.75742e-12
0.000103362	3.40883e-11
7.20743e-05	4.18762e-12
0.000177075	2.72486e-11
0.000166704	3.14564e-11
0.000169189	2.43807e-11
5.84298e-05	2.25066e-11
3.65304e-05	1.019e-11
0.000198198	5.7433e-11
8.45759e-05	1.06582e-11
0.000153271	2.53366e-11
0.00017607	6.9992e-12
0.000210603	1.54062e-11
0.000174743	1.26979e-10
0.000161538	4.75525e-11
6.02471e-05	1.50701e-11
2.16271e-05	9.96279e-12
2.76818e-05	2.63506e-13
2.45977e-05	2.08408e-11
5.90793e-05	1.68657e-11
8.18273e-05	2.40072e-11
9.98208e-05	2.57903e-11
0.000111089	2.01947e-11
0.000119012	6.10832e-12
0.000123394	1.65393e-11
0.000132771	1.36197e-11
0.000130212	4.09555e-12
0.000134067	6.27294e-12
0.000141936	3.74546e-11
0.000164086	1.03404e-11
4.54728e-05	8.65635e-12
5.14775e-05	1.34831e-11
6.13265e-05	3.76431e-11
9.22361e-05	4.04404e-11
6.1869e-05	5.67619e-12
0.000143255	1.76406e-11
0.000192648	6.31428e-11
4.82207e-05	3.4831e-12
4.798e-05	4.97795e-12
4.93233e-05	6.59051e-12
0.000124651	1.30397e-11
0.000141764	3.83754e-11
0.000142855	1.5672e-11
0.000158421	6.49391e-11
6.78425e-05	1.08186e-11
0.000134111	5.67777e-12
0.000172571	4.21513e-11
0.000148974	1.13625e-11
0.00011359	3.20825e-11
8.9717e-05	1.48184e-11
0.000178767	4.22335e-11
0.000172825	1.51133e-11
0.000133324	2.12798e-11
0.000109084	3.4613e-11
0.00010591	8.95245e-12
9.57597e-05	6.3363e-11
0.000203281	1.96294e-11
7.68738e-05	4.67663e-12
0.000174931	2.8489e-11
0.000135074	1.12331e-11
9.65779e-05	1.29319e-11
5.09151e-05	3.92619e-11
4.12609e-05	6.04134e-12
9.66172e-05	3.8589e-12
0.000101376	1.37074e-11
1.11292e-05	8.33366e-12
7.06245e-05	4.48753e-11
0.000106687	8.45327e-12
0.000154506	4.79845e-11
0.000163034	2.73002e-11
0.000217542	6.16698e-11
2.43283e-05	4.45866e-12
0.000137551	4.65381e-11
6.51053e-05	9.52547e-12
7.52087e-05	4.4469e-11
0.000128754	1.27208e-11
0.00015937	6.34698e-11
0.000189499	1.85116e-11
0.000204941	3.97999e-12
4.9e-05	5.0813e-11
0.000150595	7.49276e-12
0.000159896	9.6678e-11
2.65352e-05	4.21881e-11
1.69967e-05	7.81559e-13
2.24197e-05	4.38102e-12
8.56453e-06	1.02192e-11
4.69433e-05	8.9282e-12
3.71155e-05	8.7339e-12
3.52631e-05	5.38048e-12
0.000237801	1.84014e-11
0.000180224	4.70231e-11
0.000173555	9.75653e-12
0.000171942	5.84318e-11
0.000161806	1.0012e-11
0.000154467	3.37357e-11
0.000105072	1.07359e-10
0.000104023	2.18762e-11
9.23038e-05	1.37771e-11
6.67385e-05	2.49531e-11
3.1197e-05	2.00531e-11
0.000266518	1.42367e-10
0.000114661	1.27853e-11
0.000154091	5.96901e-11
0.000194401	5.33221e-11
0.000116191	3.90646e-11
7.99707e-05	3.35494e-11
0.000159189	3.81063e-11
0.000108404	3.16728e-11
0.000139075	9.25981e-12
3.39767e-05	2.62989e-12
0.000208717	1.13247e-11
0.000172406	1.25156e-11
0.000148282	4.44203e-11
0.000139982	2.071e-11
7.90392e-05	8.95453e-12
0.000208117	5.93771e-11
3.73649e-05	1.00735e-11
3.58133e-05	5.07752e-12
5.71784e-05	3.69476e-12
5.85258e-05	1.34949e-11
0.000114615	1.53949e-11
0.000185084	9.16291e-11
0.000164951	2.14523e-11
1.64948e-05	1.46196e-11
2.62986e-05	1.75908e-11
2.82878e-05	2.11506e-11
8.78754e-05	2.04626e-10
0.000115869	1.5452e-11
0.000151605	1.21635e-10
0.000165394	2.71149e-11
5.29213e-05	2.73391e-11
5.20561e-05	9.6209e-12
6.67458e-05	3.08902e-11
4.28224e-05	1.21041e-11
3.78146e-05	5.18057e-12
0.000145831	5.7964e-11
0.000124227	2.6842e-11
9.99673e-05	1.04689e-11
5.8675e-05	2.27022e-11
5.0317e-05	2.89752e-11
3.95671e-05	6.43062e-12
0.000201134	5.44162e-11
7.23986e-05	1.38126e-11
6.34092e-05	6.9132e-12
0.000212143	4.45501e-11
0.000171431	2.03183e-11
0.000136106	6.40162e-12
0.000121238	4.52247e-11
0.000124544	3.04899e-12
0.000115497	3.58617e-12
0.0001079	3.2689e-11
0.000102093	1.43212e-12
0.000104662	7.53456e-12
0.000151802	2.54126e-11
0.000137691	1.36657e-11
0.000151164	2.60097e-11
0.00028227	9.46677e-11
0.000122251	1.0216e-11
2.00463e-05	7.8732e-11
1.72443e-05	4.14701e-12
2.19452e-05	5.99678e-12
7.54433e-05	2.8214e-11
7.82989e-05	3.61803e-11
0.000105328	3.28435e-12
0.000108639	3.3169e-12
0.00017186	3.10574e-11
4.1639e-05	1.55985e-11
5.16509e-05	1.58927e-11
3.40318e-05	7.37091e-12
4.95334e-05	7.48172e-12
5.18322e-05	6.9397e-11
9.35832e-05	1.84105e-11
0.000124239	3.62548e-11
5.52601e-05	2.27665e-11
6.26258e-05	6.98037e-12
0.000100396	1.63158e-11
7.15991e-05	2.74075e-11
0.000109457	3.44706e-11
9.63092e-05	9.84411e-12
8.52465e-05	1.46678e-11
5.50974e-05	6.53413e-13
9.53355e-05	2.28064e-11
5.82344e-05	8.06447e-12
1.43111e-05	6.35806e-12
9.0337e-06	4.60391e-12
4.5259e-05	5.86759e-12
9.2922e-05	8.98508e-12
0.000104097	5.15749e-11
0.000121505	2.70103e-11
0.000136566	2.94812e-11
0.000146245	8.78637e-12
0.000183349	8.6667e-11
4.50697e-05	4.66643e-12
3.12498e-05	1.56075e-11
4.78221e-05	1.83371e-11
0.000106822	3.72069e-11
6.12163e-05	8.18026e-12
9.38722e-05	6.25803e-11
7.83259e-05	1.27969e-11
0.000150595	7.21756e-12
2.28626e-05	6.28787e-12
2.10479e-05	4.9862e-12
2.30469e-05	3.71702e-12
1.29745e-05	2.18177e-12
5.77378e-05	5.23055e-11
0.000225868	3.92012e-11
0.000216399	1.10107e-11
0.000159316	4.40466e-11
0.000160411	8.16946e-11
0.000137339	3.42341e-11
0.000132677	4.17279e-11
0.000125822	4.21257e-11
0.000121819	5.29434e-11
0.000103803	1.66371e-11
9.73371e-05	1.26205e-11
8.31807e-05	2.84004e-11
5.40984e-05	8.97697e-11
2.30056e-05	1.33257e-12
0.000252682	1.03525e-10
8.88322e-05	1.12317e-11
0.000126404	5.91972e-12
0.000142186	5.85408e-12
2.22442e-05	1.28939e-11
1.20185e-05	2.5062e-12
3.16168e-05	8.16811e-12
0.000229294	2.55867e-11
0.000191966	7.13609e-11
0.000151373	2.1457e-11
0.000142733	1.46748e-11
0.000146367	2.31897e-12
0.000136675	1.63105e-11
0.000124544	7.40435e-12
0.000100226	8.17052e-12
9.1035e-05	2.56336e-11
7.28204e-05	2.88479e-11
6.30102e-05	4.59365e-11
5.48951e-05	6.28468e-12
5.57638e-05	1.23955e-11
3.77087e-05	1.62948e-11
2.9899e-05	1.04921e-12
8.32548e-05	1.00721e-11
5.4134e-05	5.71161e-12
8.47505e-05	1.81152e-11
6.8775e-05	8.32997e-11
0.000148079	1.01344e-11
5.78052e-05	1.2671e-11
0.000159473	2.11712e-11
3.51083e-05	6.98699e-12
5.19033e-05	1.28494e-11
9.09267e-05	2.74844e-11
8.51918e-05	1.99901e-11
0.000107434	1.37156e-11
0.000137444	3.84e-11
0.000183133	1.60287e-10
0.000132172	2.91429e-11
9.18519e-05	3.77868e-11
0.000190661	3.78733e-11
0.000224666	5.36869e-11
0.000222332	6.50509e-12
8.91629e-05	4.20298e-12
9.00788e-05	6.60787e-11
0.000196126	1.98246e-11
0.000157977	3.905e-11
0.000126844	3.24122e-11
0.000122683	1.63072e-12
1.85151e-05	7.35725e-12
5.68549e-05	6.32251e-12
8.45434e-05	2.22305e-11
0.000102047	2.77774e-11
0.000103307	1.99021e-11
0.000116373	1.75501e-11
0.000130748	1.31083e-11
0.000181834	1.74886e-11
3.19905e-05	1.09449e-11
2.51212e-05	4.87416e-13
5.06978e-05	1.47018e-11
8.24243e-05	1.93975e-11
9.66761e-05	2.65447e-11
0.000115462	4.5458e-12
0.000261629	4.09457e-11
0.000189243	5.87959e-11
0.000190507	2.14529e-11
0.000173608	6.9156e-12
0.000157986	1.47857e-11
0.000149577	1.14796e-11
0.000144088	2.35869e-11
0.000102916	1.2116e-10
0.000118737	4.71916e-11
0.000115462	1.009e-11
0.000101452	1.11637e-10
6.56644e-05	4.71624e-11
6.19317e-05	2.70537e-11
5.53957e-05	1.10881e-11
0.00021406	5.22846e-11
0.000104222	1.66136e-11
0.00014221	9.46792e-12
0.000125466	1.43698e-11
8.7583e-05	1.09174e-11
0.000161013	1.35249e-10
0.000167964	9.41434e-12
0.000167718	3.20638e-11
0.000130031	5.54221e-11
0.000165946	1.12038e-10
6.56509e-05	1.87767e-11
8.15403e-05	3.33683e-11
0.000199487	9.55341e-11
0.000126405	4.56517e-12
0.000161806	1.41358e-11
0.000208583	4.8006e-11
2.89994e-05	8.64683e-13
7.84634e-05	1.29251e-10
0.000159532	7.95774e-12
0.000198289	2.15227e-11
7.57675e-05	2.54615e-11
0.000149099	4.70953e-11
0.000132207	1.62222e-11
9.8957e-05	4.41035e-12
9.1031e-05	1.50513e-11
1.27625e-05	1.86823e-11
3.94285e-05	1.15144e-11
7.29718e-05	6.22429e-12
7.98407e-05	1.06814e-11
8.56949e-05	2.91612e-11
0.000110455	4.3499e-11
0.000115497	5.01339e-12
0.000124646	3.20334e-11
0.000143989	2.47696e-11
0.000142137	7.9885e-12
4.00332e-05	6.16704e-11
0.000103337	3.60496e-11
0.000125871	2.48706e-11
5.86212e-05	3.7159e-11
2.95036e-05	1.37668e-11
0.000266097	4.94532e-11
0.000143966	1.95263e-11
0.000119753	5.40463e-11
0.000111193	6.82112e-11
8.65234e-05	5.61351e-11
7.07212e-05	3.27424e-11
0.000129984	5.41332e-11
0.000152451	7.53192e-11
0.000210576	5.89084e-11
0.000171203	6.28205e-12
0.000150269	2.15481e-11
4.7427e-05	1.08584e-12
3.04183e-05	2.20441e-12
0.000199818	5.34897e-11
0.000179393	4.31423e-11
0.000161097	5.79489e-11
0.000161283	3.70116e-11
8.11108e-05	8.47628e-12
7.25296e-05	1.94534e-11
5.36465e-05	6.70463e-12
4.24098e-05	2.05198e-12
4.68418e-05	7.51694e-12
0.000160451	1.05949e-11
0.00014717	3.95672e-11
7.61116e-05	3.63158e-12
0.000170138	2.25999e-11
0.000150647	3.97953e-12
0.000182309	1.07771e-11
0.000216356	3.4781e-11
0.000234669	2.53077e-11
0.000260482	6.54012e-11
1.23153e-05	3.70881e-12
1.46212e-05	9.46331e-13
2.75271e-05	7.53395e-12
3.80922e-05	3.05959e-11
9.1285e-05	1.74042e-11
0.000114217	7.66637e-11
0.000143026	6.67551e-11
0.000173663	5.43955e-11
6.50728e-05	3.8177e-12
0.000116942	1.45171e-11
0.00010894	2.80099e-11
0.000146386	1.24127e-11
9.58632e-05	5.07212e-12
0.000188727	8.73923e-12
0.00012981	1.65071e-11
6.98282e-05	7.30495e-12
6.72515e-05	4.7987e-11
9.07333e-05	2.77793e-11
0.000131224	2.13942e-11
0.00020837	4.69706e-11
3.51319e-05	1.12495e-11
2.8143e-05	2.7466e-12
0.000104768	5.33082e-11
6.21006e-05	1.47773e-11
7.78351e-06	4.5419e-12
0.000210257	3.14293e-11
0.000135776	1.6874e-11
0.000121832	6.18155e-11
0.000101411	3.77917e-11
9.70106e-05	2.16203e-11
7.9108e-05	1.21182e-11
0.000114812	3.7361e-11
0.000105442	1.24823e-11
0.000142684	1.20621e-11
0.000214985	1.35957e-11
1.60074e-05	9.76941e-13
2.21679e-05	2.78386e-12
7.30043e-06	2.63591e-12
4.18894e-05	1.06692e-11
0.000214175	3.24543e-11
0.000140813	1.1684e-10
0.000105746	4.74785e-11
0.000107616	2.93877e-11
9.896e-05	2.70783e-11
8.98136e-05	6.15117e-12
8.4507e-05	2.05126e-11
0.000137852	3.42376e-11
0.000201502	3.78999e-11
0.000155027	6.22172e-12
0.000189971	5.17835e-11
0.000141521	1.5984e-11
0.0001294	1.12304e-10
0.000107345	9.25742e-12
0.000164361	5.88073e-11
0.000225299	2.14725e-11
0.000160415	2.50031e-11
0.00022839	5.26642e-11
0.000270034	4.3784e-11
4.42322e-05	2.8836e-11
4.85021e-05	4.28768e-11
5.0992e-05	1.27342e-12
0.00010238	3.25648e-11
0.000114596	5.89033e-11
0.000114119	3.78792e-11
0.000154805	3.73778e-11
3.50232e-05	2.14035e-11
4.21008e-05	5.28912e-12
3.07051e-05	3.20049e-12
6.35853e-05	4.97222e-12
0.000106556	2.28183e-11
0.000265668	6.69995e-11
5.42169e-05	1.8515e-11
9.09527e-05	1.43698e-10
0.000185627	5.1366e-11
6.1587e-05	9.46411e-12
0.00016045	1.33078e-11
0.000109954	1.93954e-11
0.000214467	1.1333e-11
7.2071e-05	8.2672e-12
9.30118e-05	5.26698e-11
0.000117846	9.00185e-11
0.000110175	4.90467e-11
0.00013954	6.01262e-11
0.000134843	3.27831e-11
0.000134156	1.54628e-11
0.000240869	3.69629e-11
0.000231119	4.17677e-11
0.000136948	3.56254e-11
0.0001063	2.21388e-11
0.000149564	1.31439e-10
0.000125422	2.04185e-11
6.2238e-06	1.79038e-12
3.3473e-05	7.33033e-12
0.000166846	1.91552e-11
0.00012935	3.05657e-11
0.000134111	5.09037e-12
0.000130636	1.04982e-11
0.000128943	5.54324e-12
6.5808e-05	7.82529e-11
6.91202e-05	5.3443e-12
5.11323e-05	4.96206e-12
0.000144619	1.13615e-10
0.0002033	5.12567e-11
0.000114865	2.22561e-11
0.000189921	4.83594e-11
0.000118624	3.16008e-11
0.000135707	1.1149e-11
0.000260218	7.74945e-11
0.000294528	2.19502e-11
6.48394e-05	3.36121e-12
1.72967e-05	4.18087e-12
1.13356e-05	6.04888e-12
2.99364e-05	1.37223e-11
4.15254e-05	1.85148e-11
6.04082e-05	1.18201e-11
5.85642e-05	3.18015e-12
8.01563e-05	1.50157e-11
9.50018e-05	4.05578e-11
0.000132103	4.63847e-11
0.000148507	6.21981e-12
0.000148739	6.0516e-11
0.000177991	5.35602e-11
2.5591e-05	3.20328e-12
4.45895e-05	9.76131e-12
3.26841e-05	1.48602e-11
3.43732e-05	4.44833e-12
3.38326e-05	5.14094e-13
0.000102159	5.37584e-11
0.00011424	4.85759e-11
9.51878e-05	1.86965e-11
0.00016659	4.75619e-11
0.000137533	3.59082e-11
2.02042e-05	2.20651e-12
3.46089e-05	3.41009e-12
0.000111551	1.93382e-11
0.0001133	1.27702e-11
0.000123585	1.606e-11
0.000155408	2.7331e-11
6.49861e-05	9.30178e-12
4.18185e-05	1.96577e-11
3.34869e-05	1.04814e-12
0.000169138	7.38966e-11
0.000166064	6.90109e-11
0.000147002	9.54835e-11
0.000149615	1.16275e-11
0.000155027	3.29e-12
0.000146367	3.04642e-12
0.000127845	2.55822e-11
0.000164147	4.59737e-11
2.40277e-05	3.23389e-12
0.000228925	1.40439e-10
0.000203591	1.68837e-11
0.000139712	1.11962e-10
0.000119742	1.11638e-10
0.000109172	2.34142e-11
6.9754e-05	3.18956e-11
3.88651e-05	1.90447e-11
0.000102348	2.13066e-11
0.000237164	2.79831e-11
5.57975e-05	4.23193e-12
9.03875e-05	4.30212e-11
0.000122608	2.67663e-11
7.31962e-05	1.08898e-11
9.70006e-05	1.1801e-11
0.000124501	1.83843e-11
0.000225368	1.54301e-11
1.63311e-05	1.96174e-12
1.75123e-05	9.13799e-12
4.49956e-05	3.92964e-12
4.34391e-05	1.02546e-12
4.55907e-05	1.32427e-12
6.10326e-05	9.13841e-12
6.88225e-05	6.23711e-12
8.39197e-05	1.34595e-11
0.000108898	1.80757e-11
3.04889e-05	9.67643e-12
4.0816e-05	2.78038e-11
2.50882e-05	6.82842e-13
3.3637e-05	8.18486e-12
4.18005e-05	9.62661e-13
4.39111e-05	1.14634e-12
4.58528e-05	1.02457e-12
4.89474e-05	2.33431e-12
0.000108961	1.23926e-10
0.00013627	4.93062e-11
0.000228404	1.67826e-11
8.88925e-05	6.45804e-12
8.43956e-05	8.06615e-11
0.00011206	3.19225e-11
0.000119792	5.30154e-12
0.000150647	7.19511e-12
0.00016645	1.04359e-11
0.000174839	1.04799e-11
4.85666e-05	1.05311e-11
4.2153e-05	5.42745e-12
8.63542e-05	9.50093e-11
7.10146e-05	5.59702e-11
0.000187173	2.7941e-11
0.000138798	1.25497e-11
0.000137006	3.39951e-11
0.00013301	6.26344e-12
0.000118949	3.49952e-11
8.57574e-05	4.76573e-11
0.000104414	6.39664e-12
0.000183603	1.28383e-11
0.000112724	3.36076e-11
7.72771e-05	9.06614e-12
2.67893e-05	6.74668e-12
3.1829e-05	6.58443e-12
7.10732e-05	1.50264e-12
0.000185529	3.51169e-11
0.000264476	2.70013e-11
5.06692e-05	2.91568e-12
0.000173608	6.27492e-12
8.55977e-05	3.67229e-12
0.000190839	1.54995e-11
0.000116224	8.14012e-12
2.78495e-05	1.77978e-11
3.59587e-05	4.25812e-11
4.60816e-05	9.7125e-12
4.99245e-05	1.11362e-10
7.90092e-05	7.86254e-12
7.95405e-05	2.34191e-11
0.000105592	2.45004e-11
0.000112028	1.48001e-12
4.83133e-05	3.86863e-12
0.000179987	1.6554e-11
9.28988e-05	4.91997e-12
0.00019385	4.62978e-11
0.000149948	3.99861e-11
7.80392e-05	1.25297e-11
0.000136107	4.39074e-12
0.000146438	3.46864e-11
0.000125968	1.29906e-10
0.000148909	4.7695e-11
0.000148234	1.71193e-11
8.24557e-05	7.57469e-12
7.44987e-05	3.64611e-11
7.94041e-05	2.45786e-11
5.9399e-05	8.06112e-13
0.000216445	2.29833e-11
8.25159e-05	5.55954e-12
8.46456e-05	4.98716e-12
0.000163415	2.10035e-11
0.000163226	1.77748e-11
4.30681e-05	5.91102e-12
0.000142567	1.99753e-11
0.000118734	2.0034e-11
0.000108602	3.50303e-12
5.30026e-05	1.14341e-12
4.7427e-05	1.31848e-12
3.84109e-05	1.32541e-11
4.74636e-05	2.37627e-12
5.14063e-05	2.13547e-12
6.69122e-05	9.53701e-12
0.000150538	3.58719e-11
8.82565e-05	8.08958e-12
0.000211451	2.04752e-11
6.74792e-05	9.99682e-12
0.000195371	8.25269e-11
0.000142166	5.19632e-11
5.61603e-05	2.5749e-12
0.000308604	5.16784e-11
1.39535e-05	7.27149e-12
9.58303e-05	4.64102e-12
0.000134049	1.80053e-11
0.000169334	4.34968e-11
0.00016184	1.12428e-10
7.93092e-05	2.78507e-12
8.52938e-05	7.40747e-12
0.000159416	1.3648e-10
0.000185317	6.88311e-11
7.13142e-05	1.82574e-11
0.000118283	2.95317e-11
0.000148762	2.17787e-11
6.0883e-05	4.96588e-12
8.32548e-05	8.03182e-12
5.9607e-05	4.71693e-12
0.000222264	9.24945e-12
0.000177037	3.82809e-11
0.000144286	5.07323e-11
7.80887e-05	1.82185e-11
0.000143501	4.25981e-11
9.28292e-05	3.55324e-12
9.48442e-05	3.4005e-11
0.000198924	3.056e-11
0.000193467	5.99241e-11
0.000175754	2.18995e-11
0.00017518	2.29931e-11
0.000134822	1.5152e-10
0.000127482	4.54439e-11
7.70161e-05	1.92484e-11
6.49121e-05	9.89921e-12
6.52902e-05	5.71308e-12
3.32906e-05	4.05378e-12
5.06619e-05	1.24677e-11
8.42078e-05	4.70342e-12
8.7816e-05	1.40658e-11
0.000149286	2.36205e-11
8.34094e-05	2.45408e-11
7.46006e-05	4.94363e-12
4.12216e-05	1.98873e-11
3.35459e-05	2.48252e-12
2.46181e-05	1.62486e-12
0.000229617	6.34544e-11
0.000161811	6.21149e-11
0.000105328	3.55383e-12
9.13266e-05	7.55942e-12
7.64685e-05	1.63492e-11
7.73304e-05	6.55538e-12
5.61113e-05	5.61605e-12
3.3834e-05	1.0877e-11
9.95225e-05	1.81111e-11
3.03709e-05	3.92132e-12
2.62956e-05	2.43691e-12
3.98622e-05	2.78583e-11
6.36606e-05	1.29067e-11
8.98595e-05	3.25845e-12
0.000104527	2.05933e-11
0.000106238	1.84582e-11
0.000118266	2.18351e-11
0.000130227	9.91631e-12
0.000135848	9.71243e-12
0.000136137	8.45185e-12
0.000141367	1.81438e-11
0.000154141	6.58482e-11
0.000164101	9.69256e-12
0.000187219	1.51569e-11
4.82161e-05	1.69937e-11
0.00021063	1.80667e-11
0.000139083	1.43962e-11
0.00013881	6.97512e-11
5.26422e-05	3.23333e-12
6.46862e-05	5.91892e-12
0.000108536	5.67278e-12
9.22116e-06	7.8303e-12
2.41854e-05	1.11574e-11
4.53614e-05	4.07903e-12
4.52267e-05	1.20399e-12
8.39567e-05	1.09698e-10
7.50464e-05	1.83008e-11
7.74223e-05	7.39907e-12
9.13142e-05	7.85286e-12
9.93305e-05	2.09029e-11
0.000105349	8.52648e-12
0.000116231	1.50852e-11
0.000162343	6.92351e-11
3.90447e-05	8.95631e-12
0.000157269	1.05946e-11
9.96908e-05	9.46256e-12
8.27441e-05	1.21325e-11
0.000136771	8.67076e-12
0.000130235	9.15958e-12
2.08462e-05	8.3631e-12
1.99899e-05	2.85928e-12
1.33252e-05	3.59871e-12
3.6347e-05	4.61093e-12
2.84637e-05	2.30422e-12
0.000197005	7.19367e-11
0.000130869	1.98972e-11
0.000134422	1.51081e-10
0.000109969	1.31275e-11
9.83474e-05	1.57243e-11
8.94044e-05	9.869e-11
8.60691e-05	7.959e-12
6.64894e-05	6.57641e-12
6.15198e-05	1.14417e-11
5.40323e-05	5.88459e-12
0.000135233	2.47207e-11
0.000148041	4.1568e-11
6.28221e-05	9.08525e-12
9.29767e-05	4.04679e-11
8.17947e-05	1.18241e-11
5.83105e-05	2.34978e-11
0.000232288	8.51986e-11
0.000188965	3.73286e-11
0.000161999	2.56636e-11
8.34902e-05	1.20765e-11
9.19937e-05	8.57271e-12
7.56247e-05	9.68334e-12
0.000158562	1.27183e-11
0.000156323	2.08796e-11
0.00013923	1.9135e-10
0.000141323	1.54532e-11
0.000124255	1.59282e-11
9.03547e-05	9.95803e-12
0.000100101	1.10389e-11
1.73283e-05	6.24779e-11
1.16428e-05	1.32334e-11
3.10304e-05	1.66048e-11
4.13034e-05	6.04783e-12
8.65225e-05	4.25623e-11
8.50722e-05	1.41951e-11
8.32615e-05	5.18691e-12
7.79553e-05	7.70273e-11
0.000117416	1.99182e-11
0.000137241	2.91567e-11
0.000151438	5.89249e-11
0.000197065	1.85461e-11
2.55332e-05	1.24646e-11
3.52603e-05	1.61561e-11
5.49867e-05	1.6012e-11
3.27149e-05	8.89919e-12
0.000132705	9.73594e-11
9.54247e-05	6.70698e-12
0.000151263	7.1492e-11
0.000120802	2.97753e-11
2.14541e-05	2.47667e-12
7.20743e-05	3.4234e-12
7.40883e-05	3.78645e-12
8.98857e-05	3.02913e-11
9.89002e-05	4.98694e-11
9.6593e-05	1.12782e-11
0.000104753	1.70103e-11
0.000102135	1.61382e-10
0.00011543	2.63802e-11
0.000131529	2.91239e-11
0.000137545	7.20889e-11
0.000158638	1.2005e-10
7.17745e-05	2.83605e-11
8.49794e-05	2.66938e-11
0.000110333	6.68309e-12
6.05049e-05	4.87773e-12
2.37681e-05	2.43915e-12
1.82568e-05	3.5809e-12
4.42325e-05	6.25213e-11
4.61816e-05	1.59856e-11
0.000150597	5.62574e-12
0.000142068	9.49669e-12
9.58095e-05	4.68948e-11
7.90394e-05	9.75322e-11
9.02292e-05	1.62931e-11
9.53338e-05	1.798e-11
7.32252e-05	3.01118e-11
4.34287e-05	1.4372e-11
0.00013739	1.06932e-11
0.000144276	6.58438e-12
0.000154543	1.81737e-11
4.54976e-05	4.2269e-12
3.55968e-05	9.85252e-12
0.000168683	3.90487e-11
0.000148796	2.74538e-11
0.000142186	3.49946e-12
0.000126873	5.22177e-11
0.000103768	1.58608e-11
9.01611e-05	9.4367e-12
4.90796e-05	1.35801e-12
2.4523e-05	3.75042e-12
9.47738e-05	1.22595e-11
0.000230475	1.11071e-11
7.68229e-06	2.23093e-11
3.27911e-05	2.31909e-12
6.19116e-05	1.30688e-11
0.000108672	5.1063e-11
0.000117865	4.25805e-12
0.000123417	8.69205e-12
0.000134142	5.93078e-12
0.000140581	3.80653e-11
0.000150637	6.09363e-11
0.00017463	9.1089e-11
0.000200021	4.84911e-11
4.13889e-05	2.35933e-11
4.95052e-05	1.78153e-12
6.17294e-05	2.80778e-11
0.000105782	2.89316e-11
7.94608e-05	9.63451e-12
9.6499e-05	2.41516e-11
8.64666e-05	3.28415e-11
0.000121797	6.25447e-11
5.50975e-05	1.03721e-12
0.000145779	6.60229e-11
0.000211416	3.2717e-11
0.000200226	5.16473e-11
0.000243796	3.62774e-11
2.43424e-05	6.12874e-12
5.05323e-05	2.80641e-12
6.10777e-05	2.32741e-11
7.5662e-05	1.71633e-11
9.39572e-05	2.37394e-11
9.04152e-05	1.45457e-11
0.000128797	4.3789e-11
0.000133693	5.60124e-11
0.000149237	1.50296e-11
0.00016826	6.59763e-11
0.000185009	5.50042e-11
0.000173608	6.02865e-12
0.000177869	2.16015e-11
3.0057e-05	4.54287e-12
9.3146e-05	1.14411e-10
6.92218e-05	3.39433e-12
0.0001546	9.1256e-11
0.000125011	4.42336e-11
0.000140072	5.0773e-11
8.31708e-05	4.04907e-11
6.97602e-05	2.14102e-11
0.000117507	1.16999e-11
5.76311e-05	1.84663e-11
0.000139123	9.33178e-12
0.000144276	1.08082e-11
1.58919e-05	5.6117e-12
0.000112649	3.5959e-11
8.98826e-05	1.46207e-12
7.65859e-05	5.03081e-11
3.51393e-05	6.17081e-12
4.27655e-05	4.3362e-12
0.000269512	3.91951e-11
0.000139093	3.79646e-11
2.76791e-05	7.07747e-12
1.10987e-05	1.53013e-12
2.65596e-05	4.90611e-12
0.000203417	2.28877e-11
0.000154952	3.00894e-11
0.000141706	4.62821e-11
0.000129163	1.44447e-11
0.000105331	1.2473e-10
0.000104843	1.03886e-10
9.43414e-05	4.18566e-11
4.40915e-05	1.43624e-11
2.99981e-05	5.90842e-12
0.00015231	2.94621e-11
5.58882e-05	5.6779e-12
5.15913e-05	4.09209e-12
2.45977e-05	2.08408e-11
5.90793e-05	1.68657e-11
8.18273e-05	2.40072e-11
9.98208e-05	2.57903e-11
0.000111089	2.01947e-11
0.000119012	6.10832e-12
0.000123394	1.65393e-11
0.000132771	1.36197e-11
0.000130212	4.09555e-12
0.000134067	6.27294e-12
0.000141936	3.74546e-11
0.000164086	1.03404e-11
4.54728e-05	8.65635e-12
5.14775e-05	1.34831e-11
6.13265e-05	3.76431e-11
9.22361e-05	4.04404e-11
6.1869e-05	5.67619e-12
0.000143255	1.76406e-11
0.000192648	6.31428e-11
4.82207e-05	3.4831e-12
4.798e-05	4.97795e-12
4.93233e-05	6.59051e-12
0.000124651	1.30397e-11
0.000141764	3.83754e-11
0.000142855	1.5672e-11
0.000158421	6.49391e-11
6.78425e-05	1.08186e-11
0.000134111	5.67777e-12
0.000172571	4.21513e-11
0.000148974	1.13625e-11
0.00011359	3.20825e-11
8.9717e-05	1.48184e-11
0.000178767	4.22335e-11
0.000172825	1.51133e-11
0.000133324	2.12798e-11
0.000109084	3.4613e-11
0.00010591	8.95245e-12
9.57597e-05	6.3363e-11
0.000203281	1.96294e-11
7.68738e-05	4.67663e-12
0.000174931	2.8489e-11
0.000135074	1.12331e-11
9.65779e-05	1.29319e-11
5.09151e-05	3.92619e-11
4.12609e-05	6.04134e-12
9.66172e-05	3.8589e-12
0.000101376	1.37074e-11
5.38056e-05	1.81588e-11
5.64973e-05	3.78644e-12
0.000114815	1.28422e-10
0.000110876	9.39192e-11
0.000171937	1.10329e-10
0.000103314	7.04702e-11
0.000164036	2.22727e-11
0.000137907	5.23433e-11
0.000166486	1.76184e-11
0.000154921	9.52815e-12
0.000225975	2.26761e-11
2.26311e-05	6.75178e-12
2.01141e-05	6.34409e-12
3.46521e-05	1.44847e-11
4.73232e-05	5.25903e-12
0.000190501	3.76813e-11
0.000263691	1.8547e-11
0.000117766	1.63675e-11
8.73107e-05	8.09487e-11
6.5172e-05	9.57787e-11
7.29222e-05	1.22016e-11
7.81045e-05	3.41059e-12
0.000136005	3.60103e-11
6.38986e-05	5.49247e-12
9.13559e-05	4.96258e-12
3.90919e-05	1.46108e-11
0.000149313	8.89515e-11
0.000145215	1.2802e-11
0.000129788	1.95774e-11
8.84058e-05	1.25742e-10
0.000102093	2.02807e-12
2.36826e-05	9.13261e-13
4.23413e-05	8.79634e-12
6.01393e-05	2.73402e-11
6.80135e-05	2.7887e-12
0.000130128	1.28346e-11
0.000110648	8.27021e-12
0.000174416	3.07784e-11
0.000106166	2.43788e-11
9.83881e-05	7.01209e-12
6.01668e-05	4.50222e-12
0.000106948	1.41961e-11
7.11875e-05	1.42429e-11
0.000148216	1.9784e-11
0.000113391	6.53835e-12
5.32494e-05	5.29002e-12
6.32726e-05	3.89317e-12
2.44338e-05	8.25573e-12
5.19527e-05	5.68748e-12
0.000149326	8.84801e-11
0.000166721	3.47476e-11
0.00017753	2.89292e-11
0.000122239	5.96792e-11
0.000207839	1.46669e-11
6.605e-05	7.75075e-12
7.91644e-05	1.64637e-11
1.13153e-05	1.70486e-12
3.9902e-05	2.61458e-12
4.08899e-05	5.77646e-12
7.78297e-05	1.07437e-11
0.000131743	3.69093e-11
0.000180046	3.48179e-11
0.000185222	5.25204e-11
0.000197106	1.09795e-10
0.000115062	1.65266e-10
0.000132597	4.27232e-11
7.11811e-05	1.63965e-11
0.000116524	1.04896e-11
6.16409e-05	1.21887e-11
0.000253539	1.25528e-10
0.000235827	7.74444e-11
0.000215382	3.22266e-11
0.000250252	1.04786e-10
9.8951e-05	6.31464e-12
4.00396e-05	1.19188e-11
0.000165944	1.02529e-11
0.000161181	2.40477e-11
0.00013834	2.90946e-11
7.88415e-05	9.59648e-12
6.7607e-05	2.53862e-11
0.000140208	2.37172e-11
0.000126067	1.92475e-11
0.000111396	2.60942e-11
7.87032e-05	1.73544e-11
9.13281e-05	6.87921e-12
9.74399e-05	2.54905e-11
7.94115e-05	9.32656e-12
1.81138e-05	5.61049e-12
1.98215e-05	5.48558e-12
3.50621e-05	9.50322e-13
3.63921e-05	2.57771e-11
6.1771e-05	2.43872e-11
8.065e-05	6.59291e-12
8.14162e-05	2.14384e-12
8.93361e-05	5.82006e-11
9.07923e-05	9.86732e-12
0.000168767	1.33552e-11
4.88484e-05	4.11023e-12
2.8723e-05	2.53368e-12
5.43169e-05	2.31968e-11
0.000112181	1.95361e-11
0.000191102	6.51026e-11
0.000158367	7.58866e-11
0.000220026	8.41476e-11
0.00023933	1.80149e-11
7.56611e-05	1.16172e-11
0.000191336	4.72377e-11
0.000185569	2.22067e-11
0.000220974	1.15987e-10
0.000248158	3.48091e-11
0.000174888	1.64555e-11
9.56557e-05	2.73332e-11
7.61719e-05	3.36162e-11
6.12998e-05	3.69011e-11
0.000206508	2.74958e-11
0.00016692	8.17127e-12
0.000248944	4.37508e-11
0.000144973	5.81903e-12
0.000149578	2.543e-11
0.000234669	1.87998e-11
0.000234643	8.21993e-11
4.28263e-05	1.97968e-11
0.000152297	9.68836e-11
0.000121733	6.93287e-12
0.000119039	2.8351e-11
0.000119049	2.94913e-12
7.98964e-05	2.2108e-11
5.88971e-05	1.21082e-11
2.50863e-05	8.64767e-13
0.000108419	3.9905e-11
0.000184101	3.3612e-11
6.90212e-05	3.32088e-11
5.28578e-05	4.71044e-12
0.00017639	3.7349e-11
0.000164101	6.09285e-12
4.6833e-05	3.266e-12
4.82979e-05	4.114e-12
4.20216e-05	4.43419e-12
0.000187102	8.23988e-11
0.000180146	5.85834e-11
0.000130288	1.19562e-11
0.000136065	1.14219e-11
0.000116774	3.05236e-11
0.000116797	2.07971e-11
9.84594e-05	1.58959e-11
9.46312e-05	2.80391e-11
8.02658e-05	1.75758e-11
8.74615e-05	6.99478e-11
6.37274e-05	1.14089e-11
5.93525e-05	2.51624e-12
2.79479e-05	9.15124e-12
2.82631e-05	1.15664e-12
7.70444e-05	1.0952e-11
0.000126199	3.64463e-11
2.45977e-05	2.08408e-11
5.90793e-05	1.68657e-11
8.18273e-05	2.40072e-11
9.98208e-05	2.57903e-11
0.000111089	2.01947e-11
0.000119012	6.10832e-12
0.000123394	1.65393e-11
0.000132771	1.36197e-11
0.000130212	4.09555e-12
0.000134067	6.27294e-12
0.000141936	3.74546e-11
0.000164086	1.03404e-11
4.54728e-05	8.65635e-12
5.14775e-05	1.34831e-11
6.13265e-05	3.76431e-11
9.22361e-05	4.04404e-11
6.1869e-05	5.67619e-12
0.000143255	1.76406e-11
0.000192648	6.31428e-11
4.82207e-05	3.4831e-12
4.798e-05	4.97795e-12
4.93233e-05	6.59051e-12
0.000124651	1.30397e-11
0.000141764	3.83754e-11
0.000142855	1.5672e-11
0.000158421	6.49391e-11
6.78425e-05	1.08186e-11
0.000134111	5.67777e-12
0.000172571	4.21513e-11
0.000148974	1.13625e-11
0.00011359	3.20825e-11
8.9717e-05	1.48184e-11
0.000178767	4.22335e-11
0.000172825	1.51133e-11
0.000133324	2.12798e-11
0.000109084	3.4613e-11
0.00010591	8.95245e-12
9.57597e-05	6.3363e-11
0.000203281	1.96294e-11
7.68738e-05	4.67663e-12
0.000174931	2.8489e-11
0.000135074	1.12331e-11
9.65779e-05	1.29319e-11
5.09151e-05	3.92619e-11
4.12609e-05	6.04134e-12
9.66172e-05	3.8589e-12
0.000101376	1.37074e-11
