0	7.08755e-12
8e-06	6.01444e-12
1.6e-05	9.3237e-12
2.4e-05	9.22654e-12
3.2e-05	1.25551e-11
4e-05	1.49242e-11
4.8e-05	1.59085e-11
5.6e-05	1.85562e-11
6.4e-05	1.72989e-11
7.2e-05	2.04346e-11
8e-05	2.41975e-11
8.8e-05	2.85725e-11
9.6e-05	3.03801e-11
0.000104	3.14784e-11
0.000112	2.95456e-11
0.00012	2.98333e-11
0.000128	3.2195e-11
0.000136	3.39506e-11
0.000144	3.64533e-11
0.000152	4.28979e-11
0.00016	3.9316e-11
0.000168	3.62682e-11
0.000176	4.21591e-11
0.000184	3.85709e-11
0.000192	4.32588e-11
0.0002	3.62798e-11
0.000208	3.22968e-11
0.000216	3.9938e-11
0.000224	4.3196e-11
0.000232	3.70308e-11
0.00024	4.38085e-11
0.000248	7.46635e-11
0.000256	5.21526e-11
0.000264	5.98237e-11
0.000272	1.92742e-11
0.00028	9.46677e-11
0.000288	1.83944e-11
0.000296	0
0.000304	8.31675e-11
0.000312	0
0.00032	0
0.000328	0
0.000336	5.12777e-11
0.000344	0
0.000352	3.97364e-11
0.00036	0
0.000368	0
0.000376	0
0.000384	0
0.000392	0
