3.19841e-05	-18.2792
4.13361e-05	13.5553
9.24484e-05	48.2917
0.000127522	35.2197
0.000152813	1.35056
0.000158741	29.8569
0.000162499	11.7321
4.09029e-05	-4.36801
9.0427e-05	-45.135
7.47951e-05	-37.506
0.000135356	52.3291
0.000119287	56.2094
6.31072e-06	-31.7513
2.35779e-05	-33.1473
4.79994e-05	51.3799
6.22482e-05	30.5817
6.76045e-05	29.5509
9.97186e-05	-15.1419
9.29841e-05	38.0269
0.000112911	26.0785
0.000120866	5.14144
0.000208121	15.2723
3.96882e-05	-69.4328
3.39667e-05	-19.8309
0.000152447	21.6437
7.0075e-05	-110.771
0.000174092	-71.1991
7.84928e-05	-57.6458
0.000130577	11.6995
2.20219e-05	-14.1678
3.10101e-05	8.62283
0.000128191	52.6865
8.47962e-05	15.7494
7.26625e-05	25.503
8.12044e-05	-27.4818
0.000134165	8.2232
0.00010325	-7.61838
0.00015457	12.1313
0.000130638	18.4576
6.1629e-05	-80.7363
1.7051e-05	25.0046
0.000188692	-19.4693
0.00017552	-29.0041
0.00013954	-15.3235
0.000130194	-22.5644
0.000119027	-14.6417
0.0001085	2.11287
0.000107143	-14.6546
7.62325e-05	48.4869
5.80343e-05	47.2228
9.85844e-05	-24.733
8.24556e-05	-27.3523
7.27195e-05	-40.5779
0.000138714	-3.81782
0.000208769	-28.0334
0.000161041	9.94741
0.000169567	18.9018
0.000185997	12.2256
9.64562e-05	11.4339
0.000125507	17.7405
0.000174318	11.7566
4.99252e-05	0.64781
6.68685e-05	6.24061
8.46341e-05	-0.309065
9.86612e-05	59.2292
0.000156565	-57.5204
4.42858e-05	25.4404
8.68286e-05	-18.8842
0.000155056	5.32344
0.0001364	13.3986
0.000117628	-30.0303
0.000120142	-7.19365
0.000108052	-23.5974
0.00012601	3.99306
2.07413e-05	-30.2236
1.2487e-05	-12.5724
0.000188849	13.742
0.00012239	20.1807
0.000110861	19.5993
9.97227e-05	1.2016
0.000100739	15.0742
7.28389e-05	-9.07399
6.79331e-05	-11.6703
5.62027e-05	2.50418
5.55861e-05	-10.5791
5.40426e-05	-10.1571
5.68976e-05	-53.0285
0.000180021	-11.2425
0.000231512	10.4646
0.000194867	42.8017
0.000220658	10.9096
8.51951e-05	-27.1691
0.000162766	20.4553
6.3535e-05	-16.6285
1.69967e-05	28.0672
4.39789e-05	0.758534
2.67829e-05	9.58784
0.000200943	-12.2313
0.000197353	6.2291
0.000165283	10.8315
0.000160043	-26.5511
0.00013281	-43.9674
0.000109995	4.23086
9.00544e-05	-44.5489
4.46558e-05	-6.46426
3.5392e-05	-5.20354
3.04733e-05	-9.56563
0.000154602	-18.8233
7.8733e-05	-90.4828
4.82344e-05	-30.0922
7.84011e-05	-14.4227
0.000106506	-0.497417
0.000106669	10.4223
0.000186148	20.7819
3.41179e-05	-23.9797
3.1627e-05	-23.2165
3.46012e-05	-24.0508
9.56849e-05	-42.0466
8.12185e-05	-11.2771
0.000148989	-10.12
0.00017897	11.3876
4.47596e-05	32.7366
8.13599e-06	40.1365
5.64664e-05	64.317
0.000114139	39.8944
0.00012951	40.5298
0.00013072	38.0436
0.00019932	5.30668
0.000118657	22.4609
1.78603e-05	46.1222
5.2528e-05	17.7163
0.000137022	32.7417
0.000118652	10.1152
9.7578e-05	-26.9573
0.000111892	-56.7986
9.99118e-05	-4.73492
0.000101072	3.50298
9.58453e-05	-20.2515
8.33816e-05	3.57824
7.84165e-05	-20.3831
7.56944e-05	32.0678
7.45589e-05	-17.335
4.64808e-05	37.1191
4.5313e-05	34.4748
0.000105449	-49.8439
8.84433e-05	-16.0354
9.24284e-05	-39.272
0.000189448	22.0758
0.000141648	-86.1928
6.05808e-05	58.5465
0.000186761	39.6943
3.35185e-05	14.0987
2.97405e-05	5.62048
0.000203567	-4.53515
0.000215127	-10.5907
0.000172185	32.1475
0.000161842	13.2737
0.000150647	0.164264
0.000134791	17.474
0.000122701	-2.84477
0.000110606	40.5672
9.04024e-05	-31.4278
2.78767e-05	-7.93624
8.81885e-05	-16.643
5.56786e-05	6.7337
7.23024e-05	15.971
0.00014366	-31.3136
7.31219e-05	-14.5496
8.27376e-05	-50.3337
6.17764e-05	-6.30327
7.06753e-05	-12.0161
4.18736e-06	41.5108
1.57401e-05	22.4991
4.15627e-05	-46.9904
5.00176e-05	-20.7396
5.74907e-05	-32.8748
6.52887e-05	-17.8185
6.84867e-05	-2.53391
7.38986e-05	-18.5719
9.58739e-05	-8.13116
0.000118949	22.5435
0.000157731	18.8846
0.000145539	26.7814
0.000173596	0.0712669
5.18197e-05	22.7952
2.73133e-05	33.4324
4.24362e-05	-2.37548
6.16528e-05	39.646
9.15712e-05	-30.8363
0.000113185	22.9527
0.000113762	22.3864
6.17686e-05	24.1591
0.000115738	35.5687
6.07178e-05	16.0011
6.62169e-05	24.9287
8.69931e-05	-10.3676
9.08365e-05	73.7441
9.58066e-05	2.27697
0.000119009	7.42239
0.000159511	9.88325
0.000207617	-45.1731
8.87219e-05	23.2411
4.95505e-05	42.8082
5.81862e-05	18.8362
6.30737e-05	67.8827
0.000108481	79.831
5.20502e-05	64.7788
3.62091e-05	58.5955
0.000209596	-5.39246
0.000125627	-11.9051
0.00012269	-38.0065
8.03085e-05	81.8185
4.29269e-05	68.869
2.45633e-05	55.9635
0.000115372	-59.7489
0.000142186	-58.6578
0.000138101	-60.2165
2.28886e-05	75.0129
2.61122e-05	54.3569
3.76948e-05	46.4651
0.000152998	29.0174
0.000124463	-24.7104
0.000112489	-21.9177
0.000102924	-50.6328
6.70128e-05	54.7614
5.65431e-05	43.2713
4.8109e-05	29.1764
6.4684e-05	13.0171
0.000113738	-16.8889
0.00010532	-17.4405
6.9517e-05	24.0783
7.46107e-05	22.7271
8.81363e-05	-29.8623
0.00010881	-11.6171
9.28292e-05	-21.739
9.48786e-05	-17.572
0.000133984	3.63606
0.000142186	2.80435
0.000175929	9.96416
0.000185412	30.5902
5.17356e-05	29.7281
9.75418e-05	20.7141
6.34996e-05	46.7409
0.000136724	18.743
0.000123748	-9.84591
6.25822e-05	19.3354
0.000105997	6.0713
0.000162006	-2.07517
7.61249e-05	-19.1082
0.000117725	-2.82833
7.16315e-05	1.39036
0.000175885	15.2133
1.15046e-05	4.09017
4.58308e-05	9.55246
7.93362e-05	-44.3384
9.75381e-05	-34.6158
0.000110333	12.1738
0.000109735	9.083
0.000115472	11.5644
0.000143546	29.5095
0.000235328	24.2129
4.56497e-05	11.3205
6.34129e-05	-54.0912
0.000101139	13.9747
0.000143148	8.15956
1.4139e-05	17.1731
3.28776e-05	11.1638
0.000165163	20.1158
9.58454e-05	25.8042
9.19734e-05	7.30266
5.51145e-05	11.1336
9.68745e-05	1.77711
8.01511e-05	-42.6744
0.000295678	-25.208
8.15718e-05	-2.07412
6.86282e-05	0.235853
2.35473e-05	-22.0724
5.37554e-05	71.8489
0.000176323	35.5153
0.00018105	25.3893
0.00016788	2.55761
0.000122465	-8.52502
0.000118556	-4.7626
8.28138e-05	42.0893
0.000132889	-11.0899
0.000133502	-25.5304
0.000113185	-58.6715
0.000110514	-38.999
3.94929e-06	-6.1798
4.66458e-05	17.1032
5.57851e-05	-13.2384
7.84768e-05	-27.5038
0.000160226	-19.3011
0.000211857	40.3775
4.46056e-05	32.5325
8.98403e-05	41.6169
0.000128537	-18.9067
8.45837e-05	-10.4405
6.0333e-05	-36.6827
2.72903e-05	0.348294
6.29265e-05	-2.34974
0.000114661	-3.07769
0.000155323	-37.3763
8.11987e-05	9.80505
1.5244e-05	17.8354
1.02083e-05	6.25616
1.00222e-05	-25.3707
0.000147908	38.5286
8.12691e-05	4.12284
7.09352e-05	-23.605
5.46919e-05	15.4729
4.80258e-05	13.6754
4.70288e-05	53.6968
3.42824e-05	61.6999
0.000118677	24.1358
0.000105309	17.7687
9.68334e-05	73.4133
8.61722e-05	24.0996
6.13529e-05	54.6543
4.18715e-05	67.5273
5.85632e-05	62.1039
3.01264e-05	44.0177
0.000113552	-52.5523
0.00011842	-20.3976
1.8812e-05	12.7692
4.97288e-05	1.7407
6.97533e-05	-41.2466
7.17036e-05	-40.4729
7.89735e-05	-11.0457
9.05666e-05	-31.9761
9.91568e-05	-6.26142
0.000108482	-14.7061
0.000119668	3.40904
0.000156305	27.7607
0.000180546	-10.147
4.43043e-05	-32.0199
3.7012e-05	-53.4917
6.69136e-05	23.549
0.000146811	2.69372
0.000183569	-36.4426
0.000184827	-14.1317
6.18387e-05	18.7967
0.000105651	24.8038
5.33585e-05	-26.1788
0.000112048	0.20664
4.47374e-05	13.8488
5.49198e-05	7.34826
8.80403e-05	29.0343
3.69925e-05	17.28
0.000153237	-25.4972
7.547e-05	20.0749
0.000188727	-41.4981
6.28939e-05	-7.41552
0.000115509	-12.3261
0.000165567	-44.2407
3.89798e-05	10.006
3.81729e-05	6.2888
3.40183e-05	8.35205
1.89665e-05	-29.5686
0.000141536	32.4143
0.000117273	7.3188
0.000104942	-1.99359
8.58878e-05	-4.94782
7.63769e-05	7.83265
7.31193e-05	-4.95354
6.47435e-05	17.5341
6.00898e-05	-0.294548
4.28361e-05	13.5848
4.21201e-05	17.4561
4.64149e-05	17.1163
5.40432e-05	17.7901
9.88988e-05	-30.3679
0.000101635	6.16232
8.27927e-05	5.09331
0.000138102	14.1149
0.000117043	-3.6054
0.000124544	49.9027
9.62837e-06	-65.781
3.07196e-05	-20.7506
2.65952e-05	-18.0432
0.000120214	54.294
0.000215634	-7.36332
0.000188525	-22.9841
7.61378e-05	5.86478
8.61573e-05	9.1122
0.000124544	0.476251
0.000139907	43.5694
0.000166396	6.70514
0.000170833	23.749
0.000175742	5.16306
7.13422e-05	-38.219
0.000124019	44.4118
0.000154403	-12.2794
0.000159893	-10.391
0.000104502	-1.29192
0.000134977	-0.333229
3.66249e-05	-13.0524
6.66772e-05	-3.46158
9.63265e-05	13.726
0.000140582	20.18
0.000153381	-18.2803
8.80868e-05	-7.83794
0.000170667	-37.0646
7.30725e-05	18.5709
0.000111483	9.98125
0.000115903	3.01064
0.000142186	-28.0405
0.000138056	-19.3521
0.00012618	-6.7924
0.000124712	-5.19748
3.23167e-05	15.4711
4.06927e-05	6.15034
4.80211e-05	-20.3259
9.64626e-05	46.165
0.000130248	-12.4788
8.21372e-05	17.6679
0.000152701	-64.4239
0.000119049	-2.65878
0.000141177	-34.0787
6.60434e-05	-0.361842
0.000184311	6.78288
0.000165128	62.0832
0.000164451	21.5427
0.000141996	71.7427
0.000130213	27.8388
0.000123318	3.02584
0.000111204	-1.22357
0.000111071	8.7032
0.000114165	0.400196
4.31451e-05	-52.5181
0.00019885	18.3773
0.000120447	8.90777
0.000134111	-8.24706
0.000111116	-0.251133
1.51635e-05	1.27977
0.000118646	-19.7967
0.000123717	36.9144
0.000130213	19.4773
0.000142953	-1.40241
0.000152802	-3.74628
0.000159786	-5.20733
0.000171777	10.8434
0.000173592	-2.30962
0.000175349	20.8278
0.000194262	10.5059
2.82819e-05	38.0421
3.31553e-05	17.5587
5.22296e-05	29.5398
0.000162948	24.6984
0.000124472	25.3232
0.000168545	8.43647
0.000146983	22.3663
2.50057e-05	25.9112
7.23246e-05	-7.58085
0.000178128	35.5524
0.000107064	24.7606
6.3899e-05	-0.728562
0.00013995	28.7553
0.000211534	-44.4654
6.98507e-05	-1.69179
3.19105e-05	22.0815
0.00011715	-15.6668
9.66298e-05	19.077
8.07471e-05	31.7363
9.0622e-05	-3.75165
7.47177e-05	-37.4988
2.50999e-05	17.4982
9.28292e-05	-1.37599
8.98518e-05	-28.1181
0.000162882	-34.4915
9.89327e-05	-21.1263
0.000155053	-36.9848
9.92959e-05	-27.528
0.000175249	-14.5848
0.000124061	33.4312
4.56659e-05	-53.2303
4.73279e-05	-56.6825
9.20173e-05	14.2114
5.96101e-05	12.5466
5.9742e-06	-0.542174
1.73722e-05	0.154552
3.12156e-05	11.2298
2.42601e-05	26.6885
3.26752e-05	46.7601
3.3029e-05	10.51
3.88355e-05	0.85425
5.72136e-05	-5.28764
9.05475e-05	43.4154
0.000135011	-23.5702
0.000145224	-3.14588
0.000152399	-13.7196
0.000202415	-4.20326
4.18902e-05	27.9296
4.87995e-05	31.2123
7.72978e-05	-13.1055
0.000195533	10.3821
0.000136062	31.9512
0.000148762	37.4937
0.000159511	-4.92996
3.86252e-06	-11.5268
1.23552e-05	-4.12603
1.63639e-05	-3.75076
2.67073e-05	-1.09746
3.96856e-05	-7.13392
6.54364e-05	-6.31232
9.28525e-05	9.31383
0.000102093	3.52013
0.000111619	28.9952
0.00012012	-18.0055
0.000127053	6.10722
3.79032e-05	-57.851
0.000142359	-30.1794
0.000118435	-34.4546
0.000104277	-9.55759
0.000232899	-11.994
7.93466e-05	12.9428
0.000251965	-47.9786
0.000140144	32.8621
0.000133071	19.8669
0.000104238	-13.5067
9.31178e-05	-13.8263
4.02478e-05	-14.928
3.82729e-05	-20.815
0.000115624	-40.9468
8.9421e-05	-38.9341
2.85231e-05	-55.0825
0.000151703	-7.88563
0.000126868	-2.2208
0.000151358	-18.1478
0.000188005	-13.1719
0.000184624	1.98451
1.2566e-05	-15.0563
1.02311e-05	-50.4457
6.03972e-05	31.8046
4.34057e-05	3.09666
3.13585e-05	29.1839
0.000172825	28.227
9.50421e-05	19.7152
9.54942e-05	12.7094
6.86282e-05	2.96734
4.7781e-05	-6.05188
0.000183833	50.9794
8.50329e-06	-10.8179
3.84475e-05	16.074
4.02723e-05	17.6639
9.09592e-05	25.1873
0.000102842	58.913
0.000113824	14.7791
0.000140967	-18.2043
4.47583e-05	28.4878
8.00925e-05	40.0279
9.93092e-05	8.44518
0.000157256	10.7612
7.87754e-05	17.0979
0.000108626	-1.40864
9.50357e-05	-15.489
6.3987e-05	3.48944
2.27612e-05	-53.7713
2.26145e-05	-11.6962
2.30582e-05	1.23508
2.99757e-05	3.02137
2.49367e-05	1.13629
0.000100513	3.64663
0.000117183	-3.5721
0.000143206	-31.3251
2.69034e-05	-13.7838
3.50792e-05	-25.3197
5.70906e-05	4.12311
0.000256696	-28.9192
0.000221738	19.9983
0.000125164	-4.79549
0.000134927	6.61745
1.61937e-05	62.2494
7.76315e-05	2.37595
5.30026e-05	-57.1757
3.3547e-05	-40.0541
3.51475e-05	-52.5334
4.39554e-05	-40.0471
9.94444e-05	-26.5686
7.63871e-05	-11.9342
0.000112214	-25.5972
0.000197562	-9.21061
2.91675e-05	-9.827
1.46366e-05	21.9346
1.90097e-05	-17.2137
9.84322e-06	-4.56264
8.05536e-06	-3.53328
0.000176358	-2.59405
0.000105203	40.5322
8.42104e-05	25.2055
6.80947e-05	98.1924
0.000201254	-2.81037
8.98826e-05	41.0736
0.000142218	23.2586
3.8067e-05	10.1787
4.26784e-05	23.7196
5.20235e-05	-21.3645
5.5806e-05	-38.3994
6.467e-05	3.9449
0.000143448	-25.805
2.89133e-05	13.7185
6.14986e-05	19.3993
0.000154054	-1.5152
0.000181075	-43.9536
0.00018189	-41.8818
6.54417e-05	50.5698
8.25402e-05	-6.74275
5.93795e-05	-28.2429
5.46876e-05	38.4917
8.54973e-05	43.9964
0.000108177	54.8305
0.000103276	-5.93136
0.000193626	19.664
6.73785e-05	4.20947
6.25836e-05	-11.3955
8.55978e-05	56.5106
2.67751e-05	25.6974
3.44371e-05	64.8391
3.26833e-05	77.2696
3.21206e-05	66.6535
2.68867e-05	46.5936
2.38786e-05	54.3616
0.000159848	-7.02545
0.000136022	1.87752
0.000109651	-23.2459
0.000100513	-1.43173
8.44949e-05	-38.9688
7.8168e-05	-49.234
8.20896e-05	-24.9189
0.000143231	20.1246
5.95005e-05	29.255
0.000225368	2.82869
0.000139002	-53.608
8.36592e-05	83.721
8.93863e-05	34.3868
3.73196e-05	52.4161
0.000218276	57.5885
0.000173603	8.6142
0.000119007	-40.7771
0.000220054	8.71922
0.000135022	-12.8191
0.000169503	-8.31417
2.09498e-05	21.9222
5.26405e-05	-25.1154
9.6572e-05	-0.68654
0.000101476	21.4812
0.000187584	-13.0063
6.91921e-05	-45.35
5.76884e-05	-45.7319
0.000183569	-7.7647
2.55772e-05	17.7196
9.8297e-05	68.7933
9.83535e-05	0.809238
0.000134142	18.8441
0.000135285	24.8362
8.60928e-05	37.0911
5.43494e-05	55.4575
0.000112377	12.1854
0.000115112	-12.7435
9.99875e-05	0.785419
2.48071e-05	-21.3864
0.000155613	8.63236
0.000129411	5.52068
0.000129859	-8.35243
0.000118405	36.0513
8.94145e-05	9.3771
8.77299e-05	8.24384
0.000118106	-40.9004
9.64815e-05	35.4176
6.84271e-05	27.3678
8.00624e-05	58.3076
0.000148327	-58.6428
0.000105291	12.4457
7.41909e-05	75.2545
4.98619e-05	9.82369
6.69769e-05	59.7303
9.28524e-05	-8.80076
9.43608e-05	1.09587
0.000109618	-10.2822
0.00011201	-27.1432
6.69231e-05	-22.7199
1.88654e-05	-0.386082
3.44798e-05	39.9613
5.03724e-05	32.2255
0.000116757	15.1973
0.000137616	-29.5908
0.000125618	3.18294
3.30932e-05	-2.16868
0.000112054	-5.21268
0.000116674	-18.0488
0.000123657	-22.0786
0.000178474	-42.6174
5.97759e-05	-6.94705
7.12146e-05	-46.7129
0.000122567	19.617
0.000134697	15.4549
0.000103035	-12.498
8.71673e-05	-19.4757
7.84193e-05	-31.0889
0.000100159	16.8882
0.000119793	7.26371
0.000125022	26.8087
0.000191492	12.1829
0.000181512	-17.1351
0.00011379	27.175
9.72226e-05	30.6939
9.76978e-05	23.6791
6.32993e-05	-26.9004
8.81177e-05	10.4
7.85673e-05	-18.4441
0.000113763	35.4013
8.61185e-05	3.9858
0.0001435	14.1998
0.000108661	5.97895
9.20609e-05	12.1986
0.000124063	23.3453
7.89768e-05	-46.776
0.000145415	45.3162
4.87362e-05	-60.1365
5.03568e-05	-12.5529
4.50884e-05	13.9136
0.000257572	37.1436
0.000185008	32.5932
0.00012558	-54.0456
0.000106917	44.5829
6.48394e-05	5.59969
7.54367e-05	6.33426
0.000119032	-21.2288
0.000141706	-17.9669
0.00012921	21.8027
0.000191037	-52.8833
0.000141165	7.75992
5.26345e-05	-22.9182
8.06287e-05	-36.1685
8.78998e-05	-9.10202
8.69848e-05	-7.24036
9.43655e-05	-2.25634
9.43373e-05	3.48885
0.00012454	4.27074
0.000142186	-0.607811
0.000148157	28.9331
0.000153275	1.31624
0.000172336	-34.6609
0.000166146	35.5719
0.000187055	2.98315
0.000216445	-19.8812
0.000172829	-45.7659
8.73521e-05	20.1218
0.000178476	-8.91307
0.000125637	18.8131
8.84433e-05	-14.9295
9.76772e-05	-12.0917
7.14999e-05	-1.71485
4.71405e-06	17.6961
4.97733e-05	-0.789578
6.51767e-05	21.7373
0.000134111	7.27693
0.000103496	-10.472
0.000151085	51.3415
8.05339e-05	-22.694
0.000130274	15.0904
7.74722e-05	-25.83
0.000150597	10.1142
0.000109086	24.3676
5.30398e-05	2.03929
0.000197542	-19.3139
0.000163493	-32.7682
0.000135788	-1.02356
0.00012657	11.338
0.000124916	-2.94257
4.2343e-05	-26.9036
4.61641e-05	-30.1543
3.93846e-05	-8.06335
4.86831e-05	-9.77445
0.000193117	-51.1588
8.87452e-05	28.3809
0.000109818	41.7177
6.80144e-05	-16.0911
0.000157233	-11.783
0.000112007	37.2707
0.000159497	-18.3931
0.00014358	19.2999
0.000137182	9.7151
5.27168e-05	19.0826
4.98478e-05	15.0048
7.15853e-05	14.6891
7.65486e-05	35.9167
2.78986e-05	-21.2149
4.98692e-05	-73.3625
0.000107105	-17.7505
0.000104634	-25.1744
0.000138054	-15.2571
0.000141388	30.4722
0.00016115	30.4628
0.000178739	13.1031
0.000184998	45.9877
4.43069e-05	-36.6751
0.000123794	22.9339
0.000165606	23.6162
0.000192948	-8.0726
0.00010168	-10.3538
0.000134938	-57.5397
0.000168767	21.8355
0.000117195	-58.0572
0.000107667	-56.8574
1.91189e-05	55.7691
1.9688e-05	20.0977
2.15192e-05	14.5429
3.09317e-05	-10.3696
6.34891e-05	-15.7568
7.18895e-05	-37.1698
9.1407e-05	-11.426
8.35708e-05	0.199524
9.14575e-05	-0.999152
0.000105231	14.3377
0.0001276	0.509682
0.000140834	15.4629
3.79402e-05	47.9334
2.72223e-05	31.7935
0.000147166	21.205
0.000122705	34.6789
8.00652e-05	19.7109
0.000122683	22.0994
8.22486e-05	-2.37815
6.3906e-05	-0.776472
6.74339e-05	4.54068
6.43118e-05	-17.192
7.74489e-05	-7.07068
0.000108015	20.6387
0.000159773	-7.46391
0.000168799	-6.20165
0.000147123	1.90461
0.000146775	7.7395
0.000107478	-13.7857
0.000100861	-20.0711
8.20811e-05	-14.2934
7.1305e-05	-13.1766
6.73023e-05	-21.0202
8.70039e-05	-8.07867
5.93525e-05	62.3616
0.000152407	17.4756
5.58856e-05	58.3121
0.000110236	21.0608
5.04184e-05	33.7775
4.65622e-05	12.3213
0.000101461	-4.73425
6.43428e-05	53.1522
6.32847e-05	13.1837
5.42249e-05	38.0258
3.47237e-05	-10.6184
2.64309e-05	24.6376
4.61042e-05	-8.3419
4.96681e-05	-5.20183
9.58454e-05	1.26869
6.24329e-05	61.3438
7.84758e-05	6.82793
0.000182476	-12.4757
0.000178569	23.8074
3.39063e-05	-29.6904
4.42367e-05	-38.1092
6.33507e-05	-15.9537
6.86197e-05	-50.5176
8.42402e-05	10.9955
8.82935e-05	10.3081
0.000110725	-29.5412
0.000135933	15.3045
0.00012124	-25.1488
0.00013017	2.07392
0.00017632	8.70197
0.000197249	35.1555
5.11232e-05	-24.1522
4.90865e-05	1.03576
9.9774e-05	99.149
0.000152759	11.9732
0.000135377	-3.4965
8.24246e-05	17.0757
5.09919e-05	-1.32326
0.000173949	19.0224
0.000239391	-6.80198
6.03596e-06	7.46254
5.86715e-05	-18.4357
0.000161883	5.18192
0.000230022	-15.3418
0.000128444	42.0413
0.000112738	-5.93247
0.000144277	-17.2804
0.000148089	30.7757
7.86942e-05	-12.9178
5.01361e-05	40.2728
4.44808e-05	66.1442
3.86972e-05	58.2996
0.000172251	-43.3696
0.000105701	-27.5107
0.000105328	-11.6971
7.35089e-05	59.807
3.37911e-05	44.5874
6.85829e-05	22.2814
0.000122394	24.3487
8.34615e-05	-2.4133
0.000209188	-18.0847
9.35711e-06	-13.1148
2.68495e-05	42.1993
4.71554e-05	6.18563
0.000215405	13.3303
0.000170102	-5.21839
0.000139564	-46.5649
0.000121869	-24.6955
0.000108586	-30.6273
0.000104227	-11.0419
6.91936e-05	0.674743
5.82839e-05	-0.313797
2.73114e-05	26.7759
5.34768e-05	24.5619
8.02063e-05	56.8263
4.89646e-05	-40.5638
7.23246e-05	-18.4245
7.8958e-05	6.41949
9.84759e-05	-50.4177
0.000154362	-16.0465
0.000165985	40.441
0.000113579	35.0368
0.000174556	28.5011
9.91708e-05	-47.8399
9.89026e-05	-39.4454
0.000109133	-31.5108
0.000148642	14.1217
0.000210637	1.72725
0.000113895	-19.4601
9.58139e-05	-24.9953
0.000106399	-34.7466
0.000199453	41.0144
0.000134111	-23.8232
8.40488e-05	-30.4465
0.00020745	-15.2642
0.000161408	-22.1823
0.000158475	-60.1922
7.81166e-05	37.1672
0.000173551	50.4395
9.57703e-05	14.7309
0.000126404	12.2236
9.88988e-05	-0.892496
0.000212794	6.79647
0.00015117	-16.6982
0.000146367	-24.7295
0.000113763	25.0414
0.000105313	36.4866
5.41561e-05	7.65497
0.000108639	18.9215
1.215e-05	-9.38933
4.71497e-05	-12.1375
5.30208e-05	26.99
0.00011199	-13.6835
0.00011546	-34.4592
0.000139311	-20.7452
5.63452e-05	-8.49916
5.06813e-05	-17.7023
6.8993e-05	-32.1402
0.000110436	-32.0174
9.53729e-05	-26.4928
1.68159e-05	-6.2964
7.96017e-05	31.008
0.000123748	29.2118
0.000148183	31.7412
0.00016645	-1.7249
4.85403e-05	20.9752
4.2111e-05	24.0885
0.000110869	-21.1595
0.000141739	-34.7944
7.84529e-05	24.3971
0.000136054	7.77449
9.84739e-05	43.7283
1.40807e-05	-1.36217
9.03614e-05	46.8437
9.06148e-05	18.8855
6.2169e-05	0.154945
5.42822e-05	0.87445
0.000121916	-30.7651
0.000118738	-40.1873
0.000123093	-41.1715
0.000135227	-58.0592
0.000110333	0.58541
2.60838e-05	-16.8331
4.88182e-05	13.0449
0.000218236	-11.1444
0.000178759	34.6235
0.000139358	0.550114
8.12787e-05	-25.5561
8.69741e-05	3.42748
8.25427e-05	19.4506
7.32696e-05	-1.91363
7.40757e-05	12.8234
5.88729e-05	-5.9876
3.28073e-05	-5.46598
9.58632e-05	15.3672
7.10732e-05	1.56694
0.000110873	1.37272
9.28009e-05	25.4683
0.000112041	22.8419
9.92062e-05	30.9424
3.22157e-05	9.52643
6.34082e-05	11.4326
7.60638e-05	9.11939
7.62562e-05	-3.99734
7.87676e-05	36.1672
9.09497e-05	-55.2826
0.000145466	-7.63704
0.000150595	-15.8669
2.87577e-05	-7.56747
3.26311e-05	-19.3036
3.11116e-05	-24.2503
3.54782e-05	2.64054
4.27046e-05	-4.35883
5.56535e-05	15.8427
5.60174e-05	27.3783
6.307e-05	13.0345
7.18298e-05	20.3304
7.19489e-05	31.5484
8.4767e-05	35.2168
0.00010968	4.2298
0.000110312	14.3541
0.000151554	6.2156
2.72994e-05	7.98165
4.3788e-05	13.4295
7.02506e-05	55.1222
0.000126404	1.52975
8.84363e-05	40.0652
5.30026e-05	31.4921
6.97294e-05	9.11667
0.000123923	-32.4779
0.000143667	6.92122
1.84957e-05	-24.6464
4.94466e-05	9.19895
3.27466e-05	-51.4035
2.71407e-05	-71.9722
0.000177187	11.9082
0.000172043	-11.0084
0.000164975	8.69858
0.00013443	16.2102
0.000140107	-15.239
0.000124544	-5.06399
9.64631e-05	-19.7679
9.54247e-05	-7.14047
9.56131e-05	10.6315
8.92504e-05	-0.801851
8.60665e-05	12.2449
7.74488e-05	0.126539
6.09333e-05	17.1241
8.26116e-05	14.8494
5.75077e-05	26.2081
0.000119049	25.7435
9.15044e-05	-19.8633
7.86995e-05	-15.2605
7.1227e-05	-12.453
6.6151e-05	57.2089
0.000173646	-10.4652
0.000106623	29.9947
0.000181493	-7.57894
8.42464e-05	-3.20556
0.00017853	1.03156
0.000121942	18.6062
4.22754e-05	-37.5335
0.000192871	-12.6471
0.000171241	-43.6733
0.000141489	40.5868
0.000110765	-7.48492
0.000119309	-24.2141
9.48657e-05	-22.8701
8.31575e-05	-36.25
7.79882e-05	7.60815
6.90146e-05	-8.67725
6.34154e-05	17.6216
5.34457e-05	-35.1265
6.44894e-05	-23.9723
0.000201845	3.66952
9.76261e-06	-28.8698
0.000100749	-61.0102
0.000164513	18.385
0.000141413	-45.2962
0.000131512	-37.3405
4.11677e-05	-8.60523
5.59985e-05	39.0256
0.000102406	13.6055
0.000100276	0.601693
0.000102121	12.4196
0.000145352	-18.1378
7.58314e-05	38.9016
3.93542e-05	-28.9349
0.000210642	-28.8933
0.000123249	-31.3857
0.000120269	-8.14469
0.000110313	-2.00901
9.38911e-05	18.7961
7.91816e-05	25.8946
0.000172406	42.7543
0.000105558	-1.34166
0.000177147	5.33492
7.17061e-05	-0.424576
6.08652e-05	-9.53589
0.000112009	66.0217
0.000128317	-8.49155
4.53762e-05	-51.0645
0.000239947	4.05856
0.000184733	-18.2828
0.000166466	-3.79176
0.000167009	-7.62561
0.000134761	-17.5339
7.57334e-05	14.255
7.21484e-05	-9.84004
0.000108658	6.48879
0.000116514	9.08198
9.67538e-05	21.9715
0.000108602	-111.852
0.000122571	-61.192
0.000128091	-80.6316
5.62376e-05	-74.7171
0.000109292	10.9401
7.18418e-05	-30.2377
5.77348e-05	-18.384
6.66899e-05	-21.283
0.000179498	-29.5447
0.000138667	-38.4935
0.000194007	-48.8679
0.000198734	-39.4294
8.62785e-05	2.02121
9.43373e-05	-5.88827
0.000119048	-14.7042
0.000122217	49.1254
7.05209e-05	71.9938
0.00010532	0.739236
4.11881e-05	-6.64291
2.18287e-05	-24.9943
5.29144e-05	-47.2614
3.28475e-05	-2.37749
3.07568e-05	1.28168
0.000161855	-2.47524
0.000138809	-1.44751
0.000109871	18.2422
8.8944e-05	30.9113
8.81023e-05	37.3274
7.19801e-05	1.17831
5.88265e-05	-12.5664
7.7571e-05	1.2129
0.000118355	40.0581
3.28516e-05	-46.9424
0.000169137	48.2163
0.000163085	-26.8801
0.000150595	47.0745
0.000129945	32.8317
0.000135411	37.4615
0.000100598	46.2692
8.97084e-05	51.8333
6.8598e-05	3.75938
6.16262e-05	-9.21239
5.04048e-05	-80.6425
4.68898e-05	-85.9996
3.82998e-05	-74.3182
0.000130235	21.7361
0.000136865	19.9366
0.000130782	16.3323
9.27925e-06	48.261
1.668e-05	-61.2523
1.81108e-05	-60.8398
2.19636e-05	-61.839
3.40215e-05	-8.64589
3.0673e-05	-53.6108
4.22079e-05	-9.1437
6.62352e-05	1.35638
8.05518e-05	-8.81954
9.68691e-05	24.9517
0.000136803	-5.78563
0.000133769	-19.6709
0.000151655	-26.5215
2.91131e-05	12.2735
0.00016786	-23.1727
7.41857e-05	-16.3712
9.10845e-05	51.1927
1.53478e-05	-58.043
5.85477e-05	-44.6099
8.19819e-05	-33.6054
9.27969e-05	-14.8667
0.000104282	6.22348
9.82397e-05	10.051
0.000132512	-17.5903
0.000126366	8.05578
0.000150991	10.1982
4.4689e-05	-13.3564
0.000126371	4.23397
0.000136787	15.4551
6.94432e-05	-49.0471
0.000149316	-14.1269
0.000115705	23.2152
0.000108567	63.7706
7.97001e-05	-16.611
7.98516e-05	-29.5017
7.74489e-05	18.3585
7.73145e-05	10.1529
9.14859e-05	29.4317
8.62217e-05	-15.1796
6.45151e-05	18.7877
0.000105121	25.6214
8.91905e-05	-19.9588
2.15742e-05	-17.4799
5.00666e-05	-71.4555
2.61385e-05	-18.6367
0.000183569	-11.101
0.000152888	-11.8779
0.000146395	-5.48563
8.41211e-05	-14.5992
3.52594e-05	-14.7054
7.01395e-05	-5.3091
7.16852e-05	34.2211
0.000116134	15.1029
0.000121409	-31.8142
0.000144333	-6.07951
0.000157269	-0.359249
0.000168232	-15.6691
0.00016645	1.41944
5.83719e-05	27.575
3.87907e-05	-0.261534
9.42258e-05	-18.5708
0.000114157	-1.30575
0.000124768	28.753
0.000145519	-7.56639
0.000155027	28.6385
0.000108568	-24.1995
9.49434e-05	31.9981
7.09985e-05	-11.6457
6.82168e-05	-26.272
0.000112869	-24.8695
6.85973e-05	4.92617
0.000122641	20.3542
0.000147825	20.9575
0.000106124	-26.3095
8.23599e-05	-17.93
1.20895e-05	-7.53386
0.000213016	-18.8138
0.000170189	-19.4707
0.000167882	-4.85717
0.000100297	12.8537
9.35405e-05	-9.94266
7.46394e-05	-0.0550058
4.40848e-05	0.306922
0.000142733	4.52908
6.21295e-05	-8.66064
1.82809e-05	17.2367
4.22568e-05	13.1894
0.000108807	5.37272
2.79065e-05	8.56657
4.20518e-05	13.3791
0.000140824	0.0901917
7.42218e-05	-12.9604
0.000112867	34.5039
5.75437e-06	15.024
2.2699e-05	-30.9491
2.65532e-05	25.9606
3.66767e-05	-28.978
3.78426e-05	-29.4399
4.10666e-05	21.3675
5.3113e-05	-22.0285
6.35705e-05	-21.4318
7.31301e-05	-13.0573
7.51781e-05	-18.6575
9.71404e-05	-39.0375
9.75979e-05	-6.95839
0.000100487	-28.8332
0.000135156	3.80034
0.000133462	-6.834
0.000138102	6.79127
0.000167295	19.3064
0.000234502	-10.2921
6.43146e-05	7.47867
7.76911e-05	-19.6826
8.3655e-05	-5.83569
7.84056e-05	3.15011
8.69647e-05	11.9148
8.69741e-05	32.0146
8.9853e-05	59.3671
9.76427e-05	23.1661
0.00010202	40.2891
0.00010371	-12.2558
0.000161018	-0.548151
0.000105227	-24.4263
0.000151614	21.5586
0.000111869	-4.26908
6.39274e-05	32.5109
2.65519e-05	-25.6977
2.13335e-05	-19.113
5.06196e-05	-41.6274
4.57796e-05	-2.81632
3.99411e-05	-18.6529
0.00019941	-20.9238
0.000196168	-8.33997
0.000181866	7.79391
0.000166171	2.82645
0.000132107	31.0569
0.000120431	35.2497
0.000106468	11.1798
2.7096e-05	-19.8407
9.48747e-05	-57.9027
6.96062e-05	-11.2612
0.000152082	9.57221
0.000130468	31.6045
7.39088e-05	-31.9418
6.55677e-05	-20.0602
0.000128943	10.964
0.000125164	5.14635
2.48502e-05	3.9884
0.000197584	25.0401
0.000143765	5.53802
0.000127675	-33.8821
0.000117537	3.11343
0.000102114	-6.7598
0.000102075	10.2056
8.64182e-05	-5.18572
6.20066e-05	25.6932
0.000164022	54.6951
5.54741e-05	29.968
0.0001437	76.4092
8.29789e-05	-16.5141
2.42433e-05	45.2066
3.85668e-05	21.1636
0.000140036	15.9616
0.000145322	-3.99805
0.000177958	-61.5129
4.52035e-05	14.4874
4.37953e-05	46.8828
6.63185e-05	-4.43325
6.95405e-05	-14.7292
7.37751e-05	-10.3159
0.000226826	-37.7388
4.92745e-05	80.2689
6.12244e-05	52.2567
6.62396e-05	3.47757
8.28456e-05	-24.1666
0.000129769	60.0427
0.000115524	97.8032
0.000138483	-8.11586
0.000144973	6.51599
0.000148507	5.24667
0.000166679	33.0669
0.000182747	44.884
0.000184625	1.68466
0.000101934	-13.0083
0.000122374	-15.3158
9.93553e-05	-9.76658
0.000106983	-15.0547
0.000199345	53.6165
3.90077e-05	-19.5991
0.000194048	-26.3352
0.000126459	13.9192
0.000119017	-9.77114
0.000123427	8.28269
9.59901e-05	-36.8576
7.68737e-05	-47.2368
6.30474e-05	-47.528
3.52132e-05	4.54241
3.8034e-05	-12.5264
9.34994e-05	-14.0616
0.000353607	9.11527
2.96191e-05	-35.7302
0.000216427	-10.6754
0.00019941	33.1544
0.000145611	6.79003
0.000129378	-15.2625
0.000106564	-54.4088
8.79287e-05	8.53786
6.42349e-05	-74.173
0.000100858	-21.2584
0.0001778	27.112
0.000165473	64.0523
3.66153e-06	-9.3718
3.15871e-05	-1.81807
6.13982e-05	28.7502
5.59518e-05	66.748
0.000111174	12.2587
0.000137572	-28.0789
0.000129422	-16.689
0.000147256	4.73256
0.000147294	8.43007
0.000157707	-5.46193
0.000152767	-74.2118
0.000170402	5.11628
0.000168799	-20.5822
0.000191595	-53.1119
5.40174e-05	-19.7174
7.68944e-05	29.1078
5.53252e-05	58.4818
0.000108661	23.6028
0.000132094	-31.2268
6.16183e-05	15.3127
0.000130547	-20.187
0.000172146	23.9865
0.000182069	11.741
0.000211998	60.303
0.000212031	7.14894
4.61706e-05	-34.5728
0.000118681	-52.3731
0.00010406	-56.115
0.000111106	-38.0359
6.84246e-05	-4.08545
7.44073e-05	3.54493
0.000110722	-82.1306
0.000207474	34.6788
0.00014489	-46.7086
2.05066e-05	12.967
2.15957e-05	-7.31131
1.70261e-05	-16.7579
3.98436e-06	-15.4148
0.000179562	9.38354
0.000106856	3.77221
6.96386e-05	-51.8387
3.51562e-05	-14.0103
0.000193592	16.7052
9.07663e-05	-3.56938
0.00015315	22.5783
0.000142574	16.0929
0.000117756	22.476
0.000113016	5.42278
7.64582e-05	-34.0305
0.000262958	-51.5116
0.000204155	15.2697
0.000155413	10.0349
0.000150595	14.1031
7.51645e-05	-53.972
5.30047e-05	-63.9941
8.14334e-05	-45.4082
0.000169645	49.4542
0.000104383	-23.962
5.80313e-06	-56.4138
2.55252e-05	24.1314
3.63947e-05	6.83498
4.86305e-05	4.57805
7.25588e-05	34.69
8.60873e-05	26.3056
7.93199e-05	40.8511
7.76939e-05	35.8273
0.000115298	80.2244
0.000163724	20.3648
0.000174565	4.3714
3.90471e-05	-16.8042
7.27844e-05	31.5567
8.86536e-05	34.6865
7.33266e-05	17.1777
6.56608e-05	31.2935
5.30327e-05	1.99942
2.13397e-05	-19.9984
1.44157e-05	22.4134
7.07236e-05	-30.0991
0.0001243	4.04589
0.000138102	6.27339
0.000176816	16.6717
0.000175577	1.77042
0.000205482	2.0175
0.00014778	-23.7253
0.000155027	-25.9715
1.7354e-05	29.4479
0.000139903	20.3105
0.000127512	37.9692
3.17375e-05	-27.169
0.000245648	-4.53396
0.000141164	12.6704
5.80935e-05	-2.78629
1.56126e-05	-20.3452
3.97932e-05	22.8402
3.27594e-05	13.5304
3.8715e-05	-6.6612
0.000107062	-70.5759
4.26845e-05	25.4504
0.000130202	-73.5468
0.000149638	-71.4453
0.00012899	-56.9328
0.000126404	-53.6737
9.9216e-06	-22.061
8.24209e-05	41.9628
8.66365e-05	-24.696
8.69887e-05	31.2343
9.78072e-05	45.6412
0.000142662	19.266
0.000206583	-19.1434
0.000220954	-6.6252
4.5195e-05	-33.4645
0.00012212	11.9147
9.73485e-05	11.3981
8.49377e-05	-24.8213
0.000108631	1.05759
2.34077e-05	21.4438
3.39257e-05	5.41123
3.77035e-05	15.231
0.000174243	22.5771
0.000179316	67.6103
0.000123154	13.7526
6.62553e-05	3.21165
8.41916e-05	1.47006
7.55764e-05	-25.2999
0.000134111	-20.2563
9.54294e-05	-86.2321
9.58454e-05	-2.87046
6.38988e-05	15.7087
8.69656e-05	-38.8276
5.04994e-05	-11.5835
0.000124809	-12.1983
0.000343159	17.1102
0.000155457	-35.5284
0.000117725	-10.633
2.28614e-05	-22.3888
1.69968e-05	-7.79702
0.000172243	-1.24304
0.000157442	-18.1244
6.05526e-05	40.6644
5.03965e-05	15.1563
0.000169985	-51.6456
0.000149149	-81.8686
0.000119395	1.95973
6.21766e-06	80.0696
1.00692e-05	54.2977
2.48826e-05	14.3752
5.80227e-05	31.0013
0.000102167	-8.96176
0.00011104	1.84169
0.000159483	-0.572965
0.000161806	-2.80701
0.00017064	47.6287
0.000177965	28.9869
0.000170456	38.2566
0.000266344	-6.34315
7.50683e-05	18.916
0.000144479	22.4562
0.000112371	52.5303
0.000158502	41.5706
0.000130205	-2.37216
0.000151344	-1.78835
8.95299e-06	-6.03454
0.000102329	20.2028
9.26515e-05	28.5584
9.58454e-05	12.6078
0.000100208	-47.0636
3.1741e-05	15.4344
2.84375e-05	6.52934
4.09471e-05	7.50008
3.58927e-05	17.5771
0.000131135	32.7458
0.000109531	9.43945
0.000120574	-21.0934
8.14381e-05	41.1474
7.04281e-05	12.4077
8.97421e-05	13.5219
9.28292e-05	-24.7667
2.41818e-05	9.55198
9.84322e-06	-32.2436
4.64984e-05	-34.7754
4.5848e-05	-9.07596
0.000196708	-50.0199
0.000159441	20.3116
0.000138102	-13.4031
0.000134306	32.6182
0.000132311	-1.38405
8.13592e-05	-30.6661
6.51661e-05	-1.72109
2.74733e-05	21.9696
8.12633e-05	-1.67108
6.21447e-05	3.99954
2.74151e-05	-7.87134
4.85573e-05	-11.932
0.000198163	34.3981
0.000105102	-25.2299
9.18145e-05	42.8532
0.000102067	-8.08239
9.29054e-05	22.1618
0.000110975	34.5233
4.00368e-05	37.2907
6.88421e-05	14.3467
9.98364e-05	-23.8705
0.00013614	-44.5218
0.000145394	5.94135
0.000160875	-17.3113
0.000162936	-0.480185
0.000169937	0.109454
5.40003e-05	105.879
0.000180709	11.3426
0.000128269	22.8688
0.000111047	79.303
5.5827e-06	1.60664
6.54246e-05	-24.7784
8.36211e-05	30.087
9.35231e-05	-7.39294
0.000148892	-58.4409
0.000184188	-3.5949
0.000135441	6.44538
1.62629e-05	43.3536
2.0494e-05	43.7556
1.13529e-05	-3.99612
3.20548e-05	58.0995
0.00019485	9.8756
0.000174616	-27.2766
0.000159586	-22.0404
0.000156072	-29.0796
0.000155371	5.34595
0.00014544	-21.4918
0.0001418	-40.101
0.000143041	-13.9026
0.000136461	-18.4833
0.000124271	-42.599
0.0001154	-41.3147
2.20926e-05	24.7694
4.42022e-05	12.9141
0.000218772	1.63364
0.000125389	1.07419
7.876e-05	-8.24153
0.000130666	-2.09119
0.000126147	2.79775
5.45783e-05	1.45492
4.45908e-05	9.30732
0.000210954	0.85949
4.60345e-05	6.12413
0.000146655	8.82259
2.52944e-05	2.44584
2.91782e-05	26.1967
3.50745e-05	44.3201
6.44597e-05	-22.8925
7.31031e-05	67.1835
9.34464e-05	8.51002
0.000184088	31.3509
9.20407e-05	45.5738
0.000149777	40.8022
6.17986e-05	74.0757
0.000168883	29.1976
0.000160846	6.56229
0.000149218	23.6768
0.00019311	43.4485
9.43196e-05	32.068
3.00104e-05	6.48081
3.2372e-05	16.3649
5.00266e-05	-8.8845
7.39461e-05	9.90249
8.81822e-05	-8.46861
9.80081e-05	-35.1421
0.00016645	-40.738
0.000195995	3.51529
9.90277e-05	-2.0413
0.00010886	-39.422
1.93282e-05	0.096384
0.000134495	-30.7171
0.000104034	-0.367692
9.02126e-05	-32.4852
7.5276e-05	1.45264
6.22802e-05	1.49284
6.50783e-05	10.1471
0.0001464	-25.3774
0.000111094	-7.85593
0.000122705	16.1653
7.41294e-05	-7.08473
7.08306e-05	17.674
0.000125884	21.1842
3.02185e-05	10.5113
3.78699e-05	-45.2738
0.000190253	-5.90623
0.00016196	-22.6165
0.000134378	-35.6163
0.000136992	-21.7162
0.000126726	-43.3675
9.89316e-05	-5.25566
0.0001688	-13.9181
0.00012753	-1.04468
2.39793e-05	0.443653
3.94093e-05	18.7843
7.83018e-05	27.921
8.69809e-05	23.8909
9.74375e-05	29.2889
0.000102155	5.17115
0.00015996	104.137
5.27089e-05	4.87467
5.93962e-05	-7.81175
6.81709e-05	-11.304
6.62553e-05	-1.61344
6.87313e-05	-33.36
6.90945e-05	1.95396
8.25439e-05	-0.363338
7.72402e-05	17.655
8.31721e-05	15.837
0.000140085	-59.9514
0.000160354	-3.79525
4.4004e-05	2.7914
6.97735e-05	11.3055
0.000100632	1.08625
0.000131734	-31.0496
6.70358e-05	2.08699
2.79807e-05	5.81287
8.3743e-06	50.8915
3.01852e-05	-4.564
4.20769e-05	-0.437571
3.05126e-05	23.3503
9.85408e-05	5.32408
7.68656e-05	22.6046
6.37518e-05	25.975
6.12949e-05	19.5687
5.71861e-05	31.5874
5.18439e-05	4.54919
2.55042e-05	5.80919
0.000198573	-13.61
0.000126521	-4.58254
8.86071e-05	27.1409
7.3201e-05	-7.59288
2.50659e-05	7.31347
4.88182e-05	17.987
4.03316e-05	32.4098
0.000160546	-49.3422
0.000109679	-63.8043
9.49517e-05	-15.1956
8.34506e-05	-6.63779
6.15134e-05	28.2947
7.3576e-05	-66.5982
0.000144014	-2.84617
0.00019941	46.776
3.79263e-05	-4.95608
4.85049e-05	18.5016
6.39007e-05	-23.801
0.000113108	-1.58128
0.000129472	27.863
0.000122335	17.1892
0.000181171	11.3095
0.000178495	-18.4596
0.000171429	109.634
0.000183335	-7.17786
4.03803e-05	32.6625
3.2701e-05	2.14824
5.03822e-05	21.1556
0.00014221	-14.7676
0.000123927	-3.31967
0.000152901	7.42097
0.000136106	4.47341
8.25028e-05	15.368
0.000103995	-13.8528
3.15401e-05	-15.5684
4.19136e-05	-24.0274
4.51453e-05	-33.4832
6.59524e-05	-49.0798
7.71483e-05	-23.1442
8.08129e-05	-9.16527
9.57566e-05	-15.0681
0.000162571	-23.9903
0.000194007	6.52492
4.65644e-05	-3.18479
3.96541e-05	-3.11487
3.70089e-05	-24.1707
3.10994e-05	-27.888
9.88027e-05	24.8919
5.66041e-05	0.356839
1.78762e-05	26.7424
3.27056e-05	-5.79345
0.000191408	-3.86199
0.000180415	-0.55153
0.000149306	-21.9719
0.000137916	-24.5437
0.000121948	-6.69471
7.79813e-05	9.00174
9.70556e-05	14.6477
6.17087e-05	11.8985
8.76361e-05	9.39462
5.45111e-05	1.11737
1.97461e-05	25.3915
0.000149459	-58.4176
0.000114303	38.1144
8.08918e-05	31.0148
5.68597e-05	24.363
2.50155e-05	41.1106
9.65131e-05	35.6414
8.7913e-05	38.6574
0.000177909	4.92192
0.000101532	31.5364
9.70803e-05	12.9273
0.000237801	-24.2475
0.00023078	11.6583
1.65014e-05	-50.0106
6.43342e-06	-32.5755
2.6007e-05	-55.907
6.58281e-05	-32.6831
0.000117333	-36.1594
0.000153599	-1.33861
0.000158859	7.92803
0.000175579	-2.6863
3.10742e-05	-17.9116
3.297e-05	-4.52508
0.000130215	13.2355
0.000132162	-6.07017
0.000111108	14.25
0.000132674	-8.18774
0.000173608	-5.85354
6.34973e-05	-34.3922
0.000141942	3.1732
0.000151913	-6.52597
5.08625e-05	-69.005
9.84411e-05	-23.1065
9.43372e-05	-10.3577
0.000129128	-15.1375
2.83222e-05	16.3126
9.6695e-05	-5.73108
0.000160197	-20.1943
2.18503e-05	18.4726
5.28237e-05	-11.5608
4.45871e-05	3.11973
0.000249144	12.6037
0.000194351	-53.5303
0.000123216	25.9498
0.000123659	-21.4842
0.000104186	7.23171
9.72495e-05	-11.5942
9.48819e-05	23.8891
9.83881e-05	-17.1242
6.4385e-05	-23.4909
6.3906e-05	10.5287
0.000105319	6.42538
7.98646e-05	4.47003
7.93506e-05	-2.59883
4.38523e-05	26.8481
7.44674e-05	40.6603
8.69718e-05	85.4073
6.59173e-05	35.8803
6.98268e-05	74.4537
5.84984e-05	58.7978
0.000172159	23.7457
0.000185028	41.211
0.00015591	20.7102
0.00015379	30.8672
0.000192528	32.4887
0.000140804	51.3144
8.51075e-05	2.57366
0.000113763	-1.97603
0.000261707	12.2229
0.000101277	13.9305
1.81965e-05	-12.4939
1.99975e-05	-18.4019
0.000104079	-10.2767
0.000114401	-41.7336
0.000111314	-46.5259
0.000178392	-8.91623
4.82086e-05	-30.6757
6.38771e-05	-15.8818
7.71118e-05	-20.7831
0.000116284	56.9545
0.000148415	60.2202
0.000181306	54.2474
0.000188662	56.5579
9.05219e-05	-29.5075
0.000153947	33.0969
6.4276e-05	-19.6251
7.61551e-05	-7.96483
0.000131225	-15.0987
0.000121472	-20.6517
3.939e-05	-38.1633
7.14963e-05	-37.9754
8.26867e-05	-36.1993
8.86111e-05	-28.6695
8.68866e-05	-58.892
0.00011306	-22.4284
0.000160574	-11.9965
3.5097e-05	-20.6191
4.59297e-05	-34.9329
0.000134462	0.37377
0.000118684	-10.093
5.88056e-05	7.26666
5.84469e-05	-11.7224
0.000175232	-41.4096
0.000171666	-19.3388
0.000161101	25.319
0.000119516	-2.40191
0.000123068	27.1415
0.000112347	-21.8622
9.78225e-05	26.9517
8.73687e-05	-9.98491
8.53391e-05	2.2908
7.24198e-05	74.0076
5.75096e-05	38.2976
6.24904e-05	68.5654
3.4203e-05	3.99272
8.21804e-05	-7.76795
5.25006e-05	46.954
0.000149083	53.2898
0.000144685	72.736
0.000101277	-14.6243
8.64224e-05	8.55707
7.27194e-05	-3.49074
5.15199e-05	-15.9873
0.000103463	-13.4992
0.000104368	27.3834
0.000142469	68.5642
6.98773e-05	-30.6694
8.60401e-05	-17.2549
6.48609e-06	-120.687
1.91157e-05	-58.7991
4.74015e-05	-72.8489
0.000120159	-51.2358
0.000148078	-39.5331
0.000179117	-41.4662
0.000178513	-33.6001
0.000189389	-4.93276
0.000196275	-48.3822
3.11613e-05	-31.7914
2.40525e-05	-39.0199
3.54838e-05	-33.6124
2.80224e-05	-42.131
6.98408e-05	-65.3376
9.73822e-05	-5.4715
0.000179539	21.8773
0.000152568	13.5322
8.16483e-05	-26.1415
8.67505e-05	11.8836
0.000125466	5.43566
9.02873e-05	-48.7336
4.9192e-05	-19.3646
0.000118047	-12.298
9.16041e-05	-14.4112
8.14441e-05	51.8325
0.000144765	-51.9469
9.69167e-05	-14.0592
9.27565e-05	-19.0834
0.000182606	-15.1273
9.45898e-06	-6.7766
0.000183855	-5.74116
0.000188727	14.5203
0.000162395	9.10801
0.000169317	5.33215
0.000113522	-0.840944
9.30884e-05	-14.1894
7.59928e-05	50.596
0.000150647	-2.97558
7.13878e-05	-16.3411
2.33979e-05	-11.0817
3.99434e-05	23.2397
4.02927e-05	-0.596965
3.15856e-05	6.39211
7.97816e-05	-19.3989
9.08889e-05	-6.16373
7.52246e-05	-27.9732
7.13098e-05	-35.9586
6.85736e-05	-24.6989
3.01508e-05	-23.2749
8.64598e-05	19.1097
0.000127454	50.5761
0.000149174	65.1596
0.000135847	49.623
2.85089e-05	-28.499
5.57132e-05	-61.9673
8.86209e-05	-97.137
0.000128407	-16.3669
0.000134231	-6.19025
0.000141749	-1.24079
2.18274e-05	-38.4925
3.77265e-05	-90.8166
3.64084e-05	-73.1751
0.000102537	-11.8804
0.000121465	-33.6287
9.33097e-05	-3.59431
9.69044e-05	2.61524
0.00013295	22.0977
5.01453e-05	4.66575
0.000124459	-31.3294
0.000108604	8.24967
0.00012026	-11.3522
6.65446e-05	4.36111
2.86305e-05	-34.8196
5.01096e-05	-22.6343
0.00020105	-25.2063
0.000184177	-33.6556
0.000167233	4.27825
0.000121376	-59.6811
0.000110725	53.6813
9.70949e-05	-29.2526
8.02474e-05	-47.4614
5.98548e-05	3.80534
4.93458e-05	-2.1525
3.50317e-05	-14.0884
7.60226e-05	32.281
0.000114548	-9.05652
3.67122e-05	-41.8923
8.79368e-05	-30.3772
6.45901e-05	-41.4595
5.42885e-05	-67.5391
2.31178e-05	-54.0841
3.21347e-05	-83.299
9.89328e-05	-7.54146
0.000115604	58.9568
6.3096e-05	-53.7563
0.00014337	64.8485
0.00017137	36.6465
0.000157304	18.5409
1.97834e-05	-24.5944
1.52616e-05	6.11217
1.73319e-05	41.1768
6.29756e-05	-7.25305
8.19813e-05	34.6378
8.98771e-05	-5.11842
0.00014891	-10.1479
0.000131909	19.4553
5.78467e-05	-35.248
5.55361e-05	4.6869
8.32022e-05	5.76155
0.000175721	8.96357
7.66744e-05	-12.0606
6.15694e-05	9.07946
0.00010831	-27.1091
1.8542e-05	31.3869
2.20742e-05	41.8656
2.25774e-05	38.3763
2.92453e-05	46.1253
6.40271e-05	15.6706
8.30227e-05	-20.8967
0.000102093	-17.4155
0.000113163	-31.2732
0.000136379	-52.6166
0.000156221	-27.8448
4.38363e-05	36.5443
0.000226577	0.396513
0.000151899	-56.5702
0.000194023	-22.7418
0.00014838	-18.3476
9.06192e-05	-6.4931
1.4455e-05	9.24654
3.97704e-05	-14.772
4.78886e-05	-1.1912
0.000182475	3.831
0.000168796	5.85237
0.000141323	12.2468
0.000101996	47.0765
9.28549e-05	-36.2775
8.50654e-05	20.0411
8.87311e-05	20.5766
2.95764e-05	0.513886
3.28694e-05	-6.97298
0.000118958	73.2381
8.2162e-05	49.331
0.000110608	49.7622
0.00011195	26.6755
7.937e-06	-66.4314
3.16399e-05	-43.3805
2.92365e-05	-45.3623
0.000137635	-7.23889
0.000126387	-21.9013
0.000125907	-12.661
0.000121472	-8.64415
0.000110282	-40.5571
0.000118086	-16.1862
9.96006e-05	-18.032
5.96121e-05	-41.5139
0.000114786	5.03445
0.000179542	40.8606
8.65236e-05	-25.6455
0.000139598	34.7379
0.000144722	24.0833
6.65779e-06	-32.256
1.81872e-05	2.16454
7.0638e-05	-40.8235
0.000148915	22.123
0.000135441	-33.614
0.000133908	-44.852
0.000107513	-48.2158
0.000124166	-28.7665
0.000138028	31.1971
4.98397e-05	22.8077
0.000138118	21.3954
0.00014177	8.39283
0.00017847	-66.1664
0.000106545	-6.10415
0.000127053	-3.15107
0.000143823	0.716517
0.000142186	25.2886
0.000104193	69.4303
8.89335e-05	29.3314
5.93534e-05	5.53711
9.66517e-05	44.192
0.000179131	28.9313
0.000108494	12.1007
9.02898e-05	-2.53776
0.000159389	45.5934
0.00014706	46.0633
0.000188607	18.669
0.000178114	-28.5397
0.000171204	-3.54528
0.000159038	-28.1278
0.000150719	-10.5708
0.000112028	54.4541
7.88446e-05	55.6045
0.000160357	7.32074
0.000159043	31.82
6.69992e-06	-8.77133
7.16372e-05	-4.25267
7.61253e-05	-6.22212
8.42903e-05	-22.721
9.57085e-05	-18.4852
9.72783e-05	1.07701
0.000114798	-30.1016
4.23989e-05	19.9289
6.71399e-05	15.9645
7.88498e-05	-5.02732
0.000123597	-1.93203
0.000106478	-25.0213
0.000136802	-11.9755
3.1016e-05	-12.4216
3.70365e-05	-12.2957
5.50552e-05	-8.4856
0.000131512	43.9951
0.000141712	11.3004
0.000146367	2.52457
0.000174918	-51.8505
5.18951e-05	-75.0763
0.000174715	22.4149
0.000124988	16.113
0.000139739	27.1249
7.62017e-05	-61.2951
0.000116592	17.2207
0.000128283	-4.48153
0.000130179	-34.0749
5.12314e-05	-36.0321
4.44254e-05	-1.84486
3.77763e-05	-16.9535
0.000192975	-17.2209
0.000148809	1.56107
0.000146365	-5.46644
0.00013798	29.4637
7.45268e-05	-9.3586
9.06283e-05	5.66674
0.000107025	8.00642
0.000165015	39.0358
0.000168327	2.16141
0.000156113	-20.602
0.000136745	-2.6534
0.0001337	21.2575
0.000120635	5.61368
0.000119861	35.7461
8.8923e-05	8.52627
0.000115497	11.745
0.000157769	-2.05267
5.8052e-05	25.0536
7.20949e-05	18.6165
9.1847e-05	21.3764
2.65044e-05	-20.503
4.11945e-05	-19.3221
3.49432e-05	-18.4722
4.56316e-05	-12.9071
9.58453e-05	-0.0900503
0.000112028	1.69117
0.0001334	19.9041
0.000145158	38.9499
8.90565e-05	5.81264
0.000113272	-4.56517
8.26206e-05	41.8894
0.000122684	-3.25697
0.000134111	-8.6884
0.000123317	-9.71662
0.000139247	0.057549
7.64534e-05	-4.75082
9.73507e-05	-24.0413
9.60233e-05	-58.262
0.000107901	-0.720024
0.000134649	-104.754
0.000145871	-2.65875
0.000164642	-7.31393
3.1001e-05	-50.5587
8.65839e-05	-48.7506
6.74763e-05	-78.6315
0.00013707	-44.7019
0.000112028	-45.6551
5.92221e-05	-56.1946
0.000163132	24.0745
0.000199354	10.1465
0.000112049	-43.9558
6.6233e-05	-52.6332
0.000139021	-10.9691
8.0102e-05	-28.8815
7.87755e-05	-23.7445
2.17943e-05	-1.62446
5.23435e-05	-26.3724
0.000128153	13.3271
0.000108454	-34.2584
0.000111962	15.245
8.46511e-05	10.0944
6.61563e-05	-68.2991
8.08991e-05	-80.6539
7.24319e-05	-97.9907
0.000157928	-0.485616
0.000147713	13.4456
0.000122069	39.5351
9.27867e-05	30.428
6.38989e-05	28.294
7.29011e-05	4.84742
6.69185e-05	-2.24501
6.06402e-05	74.6622
2.7326e-06	0.351636
2.76168e-05	-50.2492
5.29844e-05	-37.5731
6.95009e-05	28.9568
9.42654e-05	8.29145
9.20434e-05	-10.8805
0.000118052	-12.3908
0.000112722	-12.8807
0.000123603	-17.1054
0.000129352	-17.2314
0.000141002	-26.543
0.000176105	-33.0713
0.000176127	-13.3534
0.000183534	4.94805
4.16664e-05	-15.5204
5.91585e-05	49.3637
0.000113219	2.13727
9.82386e-05	-4.74937
6.20943e-05	38.5727
7.77594e-05	4.81436
0.000105297	24.4531
8.03422e-06	-19.6894
4.57372e-05	-39.7115
8.74191e-05	-27.1889
9.58161e-05	14.2595
0.000127279	-40.5431
0.00015244	-61.6006
0.000161348	-0.507895
0.00017689	-2.98156
0.000189275	-21.4536
3.35384e-05	-37.9378
4.23413e-05	-59.9337
0.000156907	-41.8282
0.000174392	9.27206
0.000211842	21.1377
0.000148642	-52.8298
1.63325e-05	-37.7623
2.81992e-05	7.04393
2.23619e-05	3.66342
1.51572e-05	-3.26554
0.000146338	-4.7397
0.000149836	4.49618
0.000130573	2.13329
0.000125772	-41.2746
0.00011673	-53.5995
0.000110672	-50.2524
6.15874e-05	-0.201581
0.000165062	-24.436
6.90121e-05	-14.5828
0.000169065	0.344565
2.42893e-05	-22.4529
0.000225768	26.6361
0.000111352	60.9104
8.02786e-05	46.4911
7.69854e-05	22.223
7.47617e-05	54.347
5.84069e-05	-24.2844
0.000121341	43.8514
0.000217812	7.83303
8.71017e-05	56.3666
4.55884e-05	35.9822
0.000154983	16.7613
0.000217911	-59.938
0.000106097	-8.64291
0.000132362	14.9214
0.00010371	37.5666
2.69697e-05	-14.9107
7.70547e-05	-19.3386
7.35183e-05	-38.928
8.84443e-05	-10.1252
9.58631e-05	-8.56936
0.000133866	36.625
0.000155762	-24.3673
0.000183569	-19.2935
0.000104456	-60.8718
8.90054e-05	-24.212
7.44324e-05	-8.222
6.66952e-05	16.6631
0.000175311	-37.9194
6.36219e-05	-1.63117
5.49955e-05	-25.3095
0.000154911	-29.0675
0.000187225	-7.91582
8.50592e-05	-8.02884
7.4329e-05	-1.1712
9.97243e-05	-19.6115
6.47065e-05	-2.4585
3.90547e-05	2.44057
3.3006e-05	0.863968
0.000131882	-30.8069
5.47335e-05	26.9583
4.72203e-05	9.35762
0.000113763	-8.51508
6.31389e-05	30.2273
0.000234619	40.8967
0.000216399	72.5382
0.000216399	63.7233
0.000188674	29.7255
0.000176069	35.4993
0.000146718	86.5347
0.000143354	83.3202
0.000126763	57.024
9.58738e-05	46.8402
1.16593e-05	-9.72552
2.09125e-05	-17.7358
1.28217e-05	-41.7093
1.79568e-05	-45.0271
2.61444e-05	-13.3726
3.05549e-05	-21.9172
5.59477e-05	6.00765
0.000117994	25.9224
0.000155384	-7.03001
0.00024257	-53.8602
4.29083e-05	-9.44623
7.44073e-05	30.023
8.5775e-05	6.67357
8.98518e-05	-26.8571
0.000132137	19.6892
0.000234662	-3.35477
0.000222332	-4.67076
0.000174656	-13.5004
0.000195815	-18.0693
0.000161464	-43.462
0.000208365	1.21788
0.000146346	-50.9791
0.000196708	23.9553
0.000162659	2.48807
0.000145808	35.6223
0.000154687	22.592
0.000150595	27.0459
0.000148507	-15.817
0.000132771	20.7868
8.63855e-05	18.8883
0.000119471	18.0569
6.1903e-05	6.24987
0.000106128	10.9233
0.000220791	54.8851
0.000204606	12.4389
0.000200873	43.7151
0.00018633	70.5968
0.000140459	26.8909
0.000118973	-5.09757
0.000107663	-32.1016
9.10387e-05	-33.9178
8.42248e-06	5.71536
3.68662e-05	-30.1444
3.47363e-05	-47.4751
4.27363e-05	-71.3922
6.23146e-05	60.729
0.000110456	-31.9687
0.000111493	58.6042
8.94992e-05	85.7962
0.000135662	-9.52985
8.14652e-05	-27.3275
9.16976e-05	14.4386
0.000110132	11.2093
0.000106399	-14.0887
0.000228674	-28.9475
0.000225368	3.2864
0.000220354	7.94446
8.07657e-05	40.8514
0.000108605	54.3598
0.000190499	-22.3653
0.000161997	-35.211
0.000115459	51.0248
6.00676e-05	7.17713
0.000170767	-47.2724
0.000144277	21.4135
0.000113337	45.9363
0.000149825	-18.182
0.000171204	-8.95995
0.00015677	32.7691
0.000144869	54.6038
0.00013132	29.7787
0.000122098	79.5739
0.000102689	33.9358
0.000102875	-4.60747
8.94257e-05	99.0447
7.70395e-05	20.2433
2.98324e-05	13.7421
4.25044e-05	11.5812
5.65038e-05	-0.528744
9.08648e-05	46.3592
1.8309e-05	0.806572
5.06366e-05	-1.64174
3.74886e-05	-5.73005
3.10263e-05	-2.54064
0.000203325	35.3976
0.000134739	-25.8907
0.000116224	-46.0951
0.000100197	-17.2563
9.45263e-05	-6.62702
7.18053e-05	-5.95883
6.99836e-05	-19.3667
6.72674e-05	3.99466
6.23861e-05	-13.7789
0.000143978	-3.11973
0.000144705	-45.8111
2.64019e-05	-81.5999
1.90671e-05	-48.3257
3.25125e-05	44.254
4.19549e-05	0.578592
0.0001376	-39.5681
8.84163e-05	-22.8141
0.000102958	-15.4048
0.000116738	8.2119
0.000139416	26.714
0.000116272	44.2546
0.000195388	-4.45397
9.95189e-05	28.4971
0.000153971	-8.70598
7.41815e-05	-11.2865
8.81362e-05	33.6763
0.000116956	-23.9876
0.000144055	27.4216
0.000183555	-10.0523
3.62917e-05	92.2051
3.22964e-05	86.1573
5.63966e-05	96.6766
8.64993e-05	44.9953
8.79416e-05	70.9511
0.000180298	-20.9678
0.000191331	-36.7226
0.000150863	33.2392
0.000182346	-48.7817
5.65594e-05	85.9521
3.3518e-05	-10.9106
2.98988e-05	1.95872
3.05957e-05	11.3557
2.56687e-05	-13.0048
0.000204941	-24.3887
0.00019941	-32.4814
0.00015529	63.894
0.00011351	65.4904
0.000100971	54.6187
8.00049e-05	31.8596
7.23245e-05	5.08174
6.84377e-05	10.2159
2.90631e-05	45.805
0.00013581	34.4592
0.000138054	31.8914
0.000105273	27.6931
5.93882e-05	43.3712
2.7223e-05	-11.9243
6.28681e-05	-37.5222
2.95511e-05	8.06377
0.000194868	26.022
0.000186021	39.9739
0.000143975	-57.1559
0.000128508	-67.2674
0.000131844	-71.1037
9.62793e-05	-31.0675
0.000101104	-19.7204
7.82468e-05	-6.4088
7.71866e-05	-16.6735
4.54283e-05	-62.8848
6.4814e-05	-45.1691
8.56655e-05	-7.51132
0.000145735	-21.0669
8.05124e-05	-39.8322
1.57405e-05	-43.6826
2.0581e-05	17.1538
1.91949e-05	-30.1582
9.53811e-05	48.7998
0.000122558	-29.5861
3.25962e-05	-44.8774
0.000142455	16.1662
0.000155027	8.35603
0.000136771	-15.0118
1.95772e-05	21.1539
2.2434e-05	8.11735
3.39098e-05	1.41263
3.75866e-05	-0.419248
4.43384e-05	-4.14641
0.000195981	12.8253
0.000109037	43.2364
6.1171e-05	-35.9975
0.000107992	3.19409
7.56375e-05	-11.6771
0.000131265	50.7631
0.000142138	29.4945
6.01622e-05	-4.50093
0.000131949	20.3605
0.000168704	28.8411
0.000130168	21.6629
3.58534e-05	24.073
4.00281e-05	8.57143
0.000216399	-7.62419
0.000187422	-3.22785
0.000130797	70.1729
9.41908e-05	71.3961
9.47932e-05	77.4176
4.16417e-05	-6.3721
3.95783e-05	25.3305
9.87889e-05	55.674
0.000138128	3.83308
9.28316e-05	3.17221
5.20067e-05	-13.6805
4.358e-05	14.4021
0.000177911	-4.7274
0.000170995	-56.0954
0.000103728	-58.4789
8.0811e-05	-2.29514
8.68317e-05	-1.56156
2.87067e-05	-56.9691
0.000193857	-26.4033
0.000204923	-36.3904
7.07929e-05	-23.9687
0.000148468	-56.9078
7.87342e-05	-16.1982
3.44601e-05	-29.7357
8.45103e-06	-20.1389
4.60865e-05	40.2959
8.44236e-05	41.926
9.22084e-05	-14.4778
9.31641e-05	-6.11247
0.000149448	-25.2136
0.000152365	-63.1762
0.000183513	-31.0291
9.73891e-05	-80.2444
0.000113224	-60.9312
0.000197885	-3.99413
0.000165146	-5.45499
0.000160155	77.8071
7.21413e-05	-62.8671
0.000141574	35.1512
7.87786e-05	-12.4098
1.31762e-05	-0.902537
4.46122e-05	2.92064
5.91856e-05	41.7159
6.53677e-05	21.2665
0.000103613	9.43622
8.86192e-05	45.2001
9.58132e-05	56.7715
9.57719e-05	23.0313
0.000109093	32.3802
0.000131935	41.4403
0.000144026	45.2361
0.000163973	20.7467
0.000213921	-14.3267
0.000262213	-10.5009
2.90728e-05	2.00748
0.000134217	0.690526
7.23174e-05	-58.1878
9.23035e-05	-13.6249
0.000102535	-32.9672
5.62442e-05	1.95135
0.000164708	35.5317
0.000121483	-21.4027
0.000100051	-1.47203
9.28466e-05	6.13821
2.7689e-05	-16.7958
0.000140668	27.1383
9.44308e-05	7.61105
9.54192e-05	-6.0884
8.32907e-05	-30.6745
7.91302e-05	-2.13689
4.77798e-05	-16.9244
9.39056e-05	5.04261
3.38339e-05	22.4305
0.000219886	33.598
0.000189617	7.87153
0.00018105	35.7763
0.000159538	-67.904
0.000140552	-8.60234
0.000108656	-48.2616
4.25079e-05	13.9238
3.65996e-05	-13.2575
6.00942e-05	19.7334
0.000225789	-53.1028
0.000204871	-43.8062
0.000190033	1.09391
2.7495e-05	-30.4818
3.57492e-05	-16.793
3.89631e-05	-5.32916
4.02592e-05	-8.02005
4.67918e-05	-8.40915
6.23639e-05	28.6012
7.93156e-05	-25.5924
0.000150926	-26.8933
0.000172136	-43.9343
4.88121e-05	-29.8986
4.31816e-05	-25.0017
3.1469e-05	6.75386
3.62483e-05	-3.57303
6.1795e-05	-14.2695
5.86833e-05	-24.3352
6.05386e-05	-25.481
3.08256e-05	-46.8693
2.09136e-05	-59.005
5.36892e-05	-1.73185
5.47649e-05	-11.4943
6.96062e-05	3.24287
8.39049e-05	-0.94362
0.000123629	23.0593
0.000121879	11.9852
0.000133466	28.2231
0.00014568	26.8599
0.000154988	12.1469
0.000188079	-11.2384
5.52399e-05	-29.7093
3.46735e-05	-54.5053
4.04199e-05	-40.8153
4.6433e-05	-38.94
0.000158208	-36.9537
7.11544e-05	-31.3881
0.00012926	12.3107
0.000150504	43.5991
0.00015498	40.2945
0.000147579	49.2571
0.00013923	-7.70898
1.65617e-05	-30.2128
3.38463e-05	-34.6528
3.03038e-05	-27.1535
0.000238861	27.0105
0.000150518	49.9751
0.000145263	-6.34954
0.000146255	65.264
0.000138054	64.8128
0.000123389	50.5132
0.00011527	26.8516
9.15758e-05	-21.2502
7.32933e-05	45.9817
6.94384e-05	-26.7258
5.45849e-05	-36.169
3.55153e-05	-35.0219
8.56151e-05	-54.7813
4.34024e-05	25.8939
0.000251038	43.6252
0.000247206	-8.91837
0.00019408	-62.4688
8.52123e-05	-31.0944
0.000118927	-86.0113
0.000150324	-23.2267
2.53003e-06	19.0926
1.10559e-05	11.8423
1.21599e-05	-46.9854
2.04457e-05	-32.86
4.5542e-05	21.4631
5.42598e-05	21.3103
5.22553e-05	32.3206
7.53938e-05	18.111
8.47541e-05	22.4917
0.000102062	31.9685
0.000130235	13.3301
0.00015424	-1.37647
0.000157963	7.92166
4.03204e-05	-1.19212
6.36919e-05	-6.58634
7.141e-05	-13.3119
0.00012079	-99.0715
8.85489e-05	-5.96108
8.83558e-05	7.5087
7.46703e-05	18.5974
6.46903e-05	14.6856
9.29711e-05	18.2408
5.61411e-05	29.1399
0.000124418	-49.5307
1.10617e-05	-41.2961
2.71795e-05	-34.015
3.5665e-05	-14.6784
4.33579e-05	2.95006
6.59378e-05	25.0507
6.91389e-05	18.8681
0.000130756	15.679
0.000142594	-0.409087
0.000135605	0.154969
0.000134138	3.58407
0.000142811	-2.27576
0.000148507	-7.63403
0.000166736	27.8627
0.000165056	-4.46798
0.000164101	36.0774
0.000171662	45.05
0.00018362	38.9659
4.18036e-05	-32.3018
3.32377e-05	-33.0346
0.000105353	-3.88021
9.52563e-05	0.79037
0.000143919	29.9641
0.000173496	35.7244
0.000117051	8.64508
8.44431e-05	15.1578
1.56699e-05	-23.6841
1.71749e-05	-0.125251
2.1382e-05	-17.0737
0.000156648	-17.215
0.00010988	38.3964
8.22266e-05	9.52708
8.11093e-05	12.8804
7.95082e-05	-4.07865
6.66328e-05	-28.9276
6.68589e-05	-30.1768
2.21532e-05	29.254
7.81203e-06	20.6376
3.06179e-05	-14.8366
0.000191406	-14.441
0.000146992	-10.7491
0.000121622	-31.0591
8.80618e-05	-13.7379
0.000198355	-70.9627
0.00016317	-66.9964
6.94785e-06	-28.8838
1.90862e-05	52.2632
1.63015e-05	-2.7654
3.96084e-05	29.4393
4.46579e-05	13.087
5.81492e-05	20.7787
7.21216e-05	32.6573
0.000109022	30.7811
9.87633e-05	-8.02302
0.000134831	-33.6298
0.000134111	6.72515
0.000159603	40.6661
0.000156475	-4.84639
0.00016639	-6.69439
0.000168799	6.82296
4.48842e-05	20.3767
6.21058e-05	58.7052
0.000136237	-79.7273
0.00013092	-31.6405
1.41595e-05	-45.8683
6.24271e-06	-48.28
1.78738e-05	-35.027
3.38807e-05	-53.1603
4.06048e-05	-33.1143
7.37555e-05	14.0963
7.39511e-05	26.9133
9.65925e-05	-7.87391
9.97885e-05	-26.1779
4.01295e-05	-37.579
2.92601e-05	-40.9832
0.000135366	30.6258
0.000105581	10.9958
9.27943e-05	23.728
0.000138101	5.84281
0.00017857	11.6102
9.66573e-05	11.0687
1.34679e-05	4.51955
5.33118e-05	6.61262
3.67074e-05	1.93847
9.20602e-05	23.2272
8.01419e-05	17.2198
6.90549e-05	-14.2277
3.13824e-05	-1.10075
0.000242647	71.2992
0.000175521	9.32764
0.000310479	-31.6345
0.000118027	0.801002
0.00014295	-15.4698
9.7027e-06	27.5876
2.02798e-05	42.1298
3.8829e-05	42.8707
4.95312e-05	52.4315
5.09892e-05	38.0965
6.98029e-05	12.1911
8.13655e-05	44.2079
7.65478e-05	44.0266
9.32843e-05	17.5858
0.000109334	-41.9536
0.000108602	-36.8296
0.000167457	-15.9549
0.000177911	-10.778
2.93491e-05	59.6948
9.49047e-05	22.7077
0.000108028	-56.789
7.01103e-05	44.9681
6.3185e-05	48.5698
6.10432e-05	19.6327
6.69843e-05	7.13762
7.29388e-05	-44.2216
9.25013e-05	1.00058
0.000169928	33.0413
0.000216196	6.57726
0.000231512	63.0225
4.41332e-05	-65.1268
0.00016669	68.6667
0.000157894	54.1571
5.97152e-05	-17.8586
7.61169e-05	-51.6786
0.000151505	20.881
8.81334e-05	-20.5542
9.7994e-05	-28.8738
2.70893e-05	-3.46164
3.42471e-05	-6.37316
0.000107017	17.1009
0.000275024	-32.5444
0.000124544	-30.8588
0.000129227	-13.8678
0.000141962	24.1988
0.000144123	19.6676
0.000159783	44.0548
0.000195568	-8.9929
9.76507e-05	31.2353
1.82776e-05	-23.5127
5.23289e-05	-8.18513
5.43534e-05	16.1948
0.000106128	43.9122
0.000114714	39.1076
0.000179465	59.5886
0.00019691	-3.96792
0.00018371	8.59784
0.000228326	43.5015
7.63994e-05	-9.71677
0.000180069	45.6222
8.77662e-05	14.7214
8.01745e-05	30.5678
8.05247e-05	7.63643
6.7173e-05	-5.59118
0.000103362	57.4497
7.20743e-05	6.82655
0.000177075	9.2467
0.000166704	21.9687
0.000169189	2.02402
5.84298e-05	-26.2751
3.65304e-05	-3.82687
0.000198198	-5.94012
8.45759e-05	-18.5286
0.000153271	4.87332
0.00017607	21.0072
0.000210603	-19.3015
0.000174743	-2.37585
0.000161538	-37.9302
6.02471e-05	-59.0729
2.16271e-05	-0.633114
2.76818e-05	11.5869
2.45977e-05	38.0032
5.90793e-05	74.8606
8.18273e-05	5.98707
9.98208e-05	60.3748
0.000111089	14.1595
0.000119012	-45.1141
0.000123394	-41.4671
0.000132771	-6.48777
0.000130212	9.05839
0.000134067	-12.8708
0.000141936	-30.6499
0.000164086	-2.72721
4.54728e-05	51.1516
5.14775e-05	45.1362
6.13265e-05	61.9099
9.22361e-05	46.1569
6.1869e-05	72.2316
0.000143255	-1.07052
0.000192648	16.1129
4.82207e-05	-9.28847
4.798e-05	48.5971
4.93233e-05	54.5754
0.000124651	10.7786
0.000141764	51.0769
0.000142855	2.44177
0.000158421	60.0233
6.78425e-05	-3.97259
0.000134111	1.56646
0.000172571	25.6902
0.000148974	2.08527
0.00011359	-16.2466
8.9717e-05	11.8811
0.000178767	40.4508
0.000172825	-67.6583
0.000133324	1.72814
0.000109084	31.5968
0.00010591	43.318
9.57597e-05	37.0804
0.000203281	17.6885
7.68738e-05	-31.5994
0.000174931	23.4522
0.000135074	-27.6567
9.65779e-05	-16.4998
5.09151e-05	21.0509
4.12609e-05	54.7748
9.66172e-05	-4.12193
0.000101376	38.4785
1.11292e-05	11.4975
7.06245e-05	-28.1756
0.000106687	49.0763
0.000154506	34.6219
0.000163034	48.7547
0.000217542	-13.2676
2.43283e-05	4.30239
0.000137551	-26.126
6.51053e-05	51.8853
7.52087e-05	53.3214
0.000128754	-38.7939
0.00015937	-34.1193
0.000189499	-12.9685
0.000204941	-14.6006
4.9e-05	-47.0563
0.000150595	-32.3845
0.000159896	-52.4055
2.65352e-05	-49.6896
1.69967e-05	-31.5694
2.24197e-05	-33.353
8.56453e-06	10.502
4.69433e-05	-68.9955
3.71155e-05	-45.4911
3.52631e-05	-42.4693
0.000237801	28.3954
0.000180224	-46.4115
0.000173555	-4.47838
0.000171942	-43.5025
0.000161806	-3.89814
0.000154467	-21.2613
0.000105072	-71.3905
0.000104023	-19.7774
9.23038e-05	-34.9704
6.67385e-05	-31.0712
3.1197e-05	-30.4737
0.000266518	-40.9478
0.000114661	-8.52549
0.000154091	-12.311
0.000194401	35.1016
0.000116191	-4.69408
7.99707e-05	-27.5514
0.000159189	-17.3973
0.000108404	-9.14396
0.000139075	-49.6835
3.39767e-05	13.7745
0.000208717	7.9366
0.000172406	29.2081
0.000148282	-21.2121
0.000139982	11.4838
7.90392e-05	-0.144948
0.000208117	-8.16346
3.73649e-05	31.6516
3.58133e-05	44.8597
5.71784e-05	42.538
5.85258e-05	55.889
0.000114615	112.811
0.000185084	45.8612
0.000164951	23.8621
1.64948e-05	23.9892
2.62986e-05	35.449
2.82878e-05	20.3644
8.78754e-05	61.1952
0.000115869	13.5239
0.000151605	-29.4965
0.000165394	57.6633
5.29213e-05	70.1772
5.20561e-05	-8.54354
6.67458e-05	79.7849
4.28224e-05	-37.8487
3.78146e-05	-50.8844
0.000145831	-10.9672
0.000124227	2.82319
9.99673e-05	-45.9796
5.8675e-05	-48.6562
5.0317e-05	-39.5612
3.95671e-05	20.9297
0.000201134	8.2475
7.23986e-05	-35.2677
6.34092e-05	-21.7894
0.000212143	-5.00073
0.000171431	18.8683
0.000136106	6.70197
0.000121238	-24.9722
0.000124544	-20.0278
0.000115497	-81.7196
0.0001079	-69.1304
0.000102093	-75.6652
0.000104662	-54.8549
0.000151802	25.641
0.000137691	21.8515
0.000151164	-9.86064
0.00028227	-21.0304
0.000122251	6.21936
2.00463e-05	-19.4334
1.72443e-05	-31.0361
2.19452e-05	-34.1165
7.54433e-05	17.4898
7.82989e-05	21.3807
0.000105328	19.1979
0.000108639	26.922
0.00017186	48.2324
4.1639e-05	-6.66893
5.16509e-05	-12.7152
3.40318e-05	-22.0311
4.95334e-05	14.7493
5.18322e-05	7.87859
9.35832e-05	-7.83296
0.000124239	14.1208
5.52601e-05	0.63825
6.26258e-05	-5.53719
0.000100396	2.29977
7.15991e-05	-14.5501
0.000109457	11.3159
9.63092e-05	19.8291
8.52465e-05	33.2328
5.50974e-05	-9.64213
9.53355e-05	34.4659
5.82344e-05	-3.07853
1.43111e-05	19.5672
9.0337e-06	0.954554
4.5259e-05	38.4118
9.2922e-05	7.63862
0.000104097	42.3188
0.000121505	-2.95141
0.000136566	14.7993
0.000146245	-48.6586
0.000183349	40.251
4.50697e-05	97.328
3.12498e-05	72.6023
4.78221e-05	89.6598
0.000106822	29.2077
6.12163e-05	87.3583
9.38722e-05	32.452
7.83259e-05	47.6517
0.000150595	-51.0945
2.28626e-05	36.6658
2.10479e-05	25.9838
2.30469e-05	33.4946
1.29745e-05	16.0393
5.77378e-05	8.82851
0.000225868	-10.4147
0.000216399	-14.2229
0.000159316	-52.9881
0.000160411	-30.2168
0.000137339	3.07125
0.000132677	-1.78252
0.000125822	13.2395
0.000121819	17.6939
0.000103803	33.8081
9.73371e-05	-34.614
8.31807e-05	-9.55447
5.40984e-05	71.1255
2.30056e-05	34.4898
0.000252682	-46.2977
8.88322e-05	26.0643
0.000126404	15.1335
0.000142186	9.16004
2.22442e-05	41.5281
1.20185e-05	16.1716
3.16168e-05	-1.89011
0.000229294	1.2369
0.000191966	-21.3015
0.000151373	-15.1022
0.000142733	-35.674
0.000146367	-20.6648
0.000136675	-35.2737
0.000124544	-46.787
0.000100226	-21.4203
9.1035e-05	-26.5846
7.28204e-05	-15.4226
6.30102e-05	32.1009
5.48951e-05	-4.94795
5.57638e-05	23.6196
3.77087e-05	1.24197
2.9899e-05	8.01997
8.32548e-05	-28.6895
5.4134e-05	22.7215
8.47505e-05	-51.7324
6.8775e-05	-0.894034
0.000148079	-14.393
5.78052e-05	-19.0154
0.000159473	0.978758
3.51083e-05	-41.8079
5.19033e-05	6.96015
9.09267e-05	35.4833
8.51918e-05	43.1412
0.000107434	-24.9554
0.000137444	87.7953
0.000183133	1.43884
0.000132172	-24.07
9.18519e-05	-4.4268
0.000190661	46.3881
0.000224666	60.9607
0.000222332	65.4706
8.91629e-05	1.40038
9.00788e-05	43.484
0.000196126	56.1828
0.000157977	36.7088
0.000126844	28.3048
0.000122683	34.4625
1.85151e-05	67.0051
5.68549e-05	-6.15416
8.45434e-05	14.7559
0.000102047	0.896085
0.000103307	4.41962
0.000116373	-8.47939
0.000130748	-4.15368
0.000181834	-25.0224
3.19905e-05	51.3918
2.51212e-05	71.4527
5.06978e-05	61.9211
8.24243e-05	28.9507
9.66761e-05	36.2875
0.000115462	-9.5478
0.000261629	-26.9023
0.000189243	-25.8477
0.000190507	-25.2976
0.000173608	32.9255
0.000157986	5.62443
0.000149577	33.0423
0.000144088	6.3677
0.000102916	46.3319
0.000118737	-6.53797
0.000115462	-9.02828
0.000101452	36.0273
6.56644e-05	29.2104
6.19317e-05	106.064
5.53957e-05	92.3083
0.00021406	34.5174
0.000104222	11.95
0.00014221	-33.6449
0.000125466	20.3565
8.7583e-05	26.8302
0.000161013	-24.3127
0.000167964	-21.9409
0.000167718	-24.8683
0.000130031	-44.6578
0.000165946	-31.4969
6.56509e-05	46.217
8.15403e-05	31.0758
0.000199487	-10.6323
0.000126405	14.2427
0.000161806	-14.7417
0.000208583	7.91833
2.89994e-05	12.5868
7.84634e-05	70.9595
0.000159532	18.9991
0.000198289	43.1298
7.57675e-05	-25.0362
0.000149099	24.5655
0.000132207	6.16298
9.8957e-05	-0.108445
9.1031e-05	-17.7943
1.27625e-05	-19.7281
3.94285e-05	50.7505
7.29718e-05	38.3758
7.98407e-05	43.6044
8.56949e-05	44.286
0.000110455	59.6183
0.000115497	-13.4835
0.000124646	-13.4298
0.000143989	26.5035
0.000142137	23.7859
4.00332e-05	63.8242
0.000103337	28.2581
0.000125871	-15.4159
5.86212e-05	39.4181
2.95036e-05	43.3487
0.000266097	-29.8732
0.000143966	-48.0244
0.000119753	22.4553
0.000111193	-14.8337
8.65234e-05	12.8861
7.07212e-05	47.3927
0.000129984	35.9472
0.000152451	-10.1817
0.000210576	-37.3371
0.000171203	-53.8554
0.000150269	15.0705
4.7427e-05	2.59036
3.04183e-05	19.8374
0.000199818	-39.6892
0.000179393	-52.5036
0.000161097	-12.6072
0.000161283	-19.7363
8.11108e-05	45.7399
7.25296e-05	48.7196
5.36465e-05	4.00717
4.24098e-05	-5.36865
4.68418e-05	-3.8535
0.000160451	-21.3241
0.00014717	-8.78688
7.61116e-05	29.834
0.000170138	-40.3861
0.000150647	6.9215
0.000182309	-11.628
0.000216356	-29.4288
0.000234669	-4.43661
0.000260482	-0.182168
1.23153e-05	-7.05107
1.46212e-05	-23.5861
2.75271e-05	-31.2822
3.80922e-05	-60.6758
9.1285e-05	-55.1277
0.000114217	47.0265
0.000143026	79.7036
0.000173663	23.3364
6.50728e-05	15.0676
0.000116942	-5.50249
0.00010894	-45.6693
0.000146386	-0.0323276
9.58632e-05	-6.15667
0.000188727	-22.7806
0.00012981	-3.54819
6.98282e-05	-24.5944
6.72515e-05	47.3644
9.07333e-05	40.3421
0.000131224	-15.1953
0.00020837	16.4509
3.51319e-05	39.5655
2.8143e-05	-28.2814
0.000104768	-11.5406
6.21006e-05	69.0112
7.78351e-06	61.8891
0.000210257	-18.6304
0.000135776	-51.7428
0.000121832	26.3287
0.000101411	48.9471
9.70106e-05	39.5159
7.9108e-05	31.0692
0.000114812	6.70884
0.000105442	8.15996
0.000142684	14.0888
0.000214985	-15.3654
1.60074e-05	64.2629
2.21679e-05	6.02653
7.30043e-06	26.9123
4.18894e-05	64.6543
0.000214175	23.6846
0.000140813	-18.6725
0.000105746	33.7274
0.000107616	61.3694
9.896e-05	64.3629
8.98136e-05	56.1524
8.4507e-05	84.2759
0.000137852	-8.7623
0.000201502	-34.9614
0.000155027	-14.6465
0.000189971	-12.9124
0.000141521	-17.5092
0.0001294	11.0925
0.000107345	38.5347
0.000164361	21.0427
0.000225299	-14.5461
0.000160415	-1.95223
0.00022839	-3.50057
0.000270034	-39.588
4.42322e-05	-27.2017
4.85021e-05	-41.2033
5.0992e-05	-39.7979
0.00010238	-33.8218
0.000114596	-31.7788
0.000114119	18.0105
0.000154805	17.0348
3.50232e-05	-25.7161
4.21008e-05	-21.296
3.07051e-05	-5.33615
6.35853e-05	15.2729
0.000106556	-54.1245
0.000265668	-40.8554
5.42169e-05	36.4449
9.09527e-05	-34.7883
0.000185627	3.80286
6.1587e-05	3.05378
0.00016045	-28.0039
0.000109954	-57.505
0.000214467	-8.12548
7.2071e-05	-33.8549
9.30118e-05	-16.1563
0.000117846	-30.6744
0.000110175	23.6353
0.00013954	26.8075
0.000134843	2.31751
0.000134156	-25.3769
0.000240869	2.06317
0.000231119	20.0194
0.000136948	36.1268
0.0001063	38.6723
0.000149564	-33.2906
0.000125422	-29.8651
6.2238e-06	73.7007
3.3473e-05	81.5132
0.000166846	-15.7526
0.00012935	-18.8204
0.000134111	-10.5371
0.000130636	-0.147973
0.000128943	-5.74699
6.5808e-05	23.4227
6.91202e-05	88.0718
5.11323e-05	63.6176
0.000144619	61.926
0.0002033	37.8565
0.000114865	11.2707
0.000189921	-8.82028
0.000118624	-21.0695
0.000135707	1.15035
0.000260218	-14.5988
0.000294528	-18.3778
6.48394e-05	-1.14034
1.72967e-05	5.36154
1.13356e-05	-25.5531
2.99364e-05	-40.671
4.15254e-05	-37.1644
6.04082e-05	-95.5385
5.85642e-05	-66.2611
8.01563e-05	-39.1043
9.50018e-05	-45.2842
0.000132103	-21.8356
0.000148507	27.4797
0.000148739	-21.9833
0.000177991	41.8847
2.5591e-05	-3.62027
4.45895e-05	-57.4054
3.26841e-05	-29.4912
3.43732e-05	11.5098
3.38326e-05	-6.42757
0.000102159	-51.2384
0.00011424	-56.4635
9.51878e-05	-44.3154
0.00016659	15.2089
0.000137533	-32.9938
2.02042e-05	45.6009
3.46089e-05	-57.5674
0.000111551	-21.7026
0.0001133	-28.3316
0.000123585	-34.1035
0.000155408	13.7614
6.49861e-05	-68.7951
4.18185e-05	-21.5946
3.34869e-05	-13.6284
0.000169138	-19.1693
0.000166064	-13.0951
0.000147002	44.3073
0.000149615	-2.6106
0.000155027	-29.7176
0.000146367	-13.5036
0.000127845	50.1317
0.000164147	-1.84102
2.40277e-05	-29.3562
0.000228925	-44.6536
0.000203591	-55.1011
0.000139712	58.425
0.000119742	25.9478
0.000109172	6.64293
6.9754e-05	-31.3034
3.88651e-05	-56.0149
0.000102348	-22.2132
0.000237164	8.85737
5.57975e-05	-27.0999
9.03875e-05	-41.548
0.000122608	-21.3756
7.31962e-05	-44.2424
9.70006e-05	-47.3955
0.000124501	-27.0121
0.000225368	0.124922
1.63311e-05	-16.1656
1.75123e-05	-28.6088
4.49956e-05	-14.6756
4.34391e-05	-46.8916
4.55907e-05	-47.4943
6.10326e-05	-105.472
6.88225e-05	-84.9164
8.39197e-05	-31.3025
0.000108898	-90.1003
3.04889e-05	-11.2797
4.0816e-05	-36.5067
2.50882e-05	-8.81145
3.3637e-05	-53.4669
4.18005e-05	-45.7387
4.39111e-05	-33.3815
4.58528e-05	-22.9224
4.89474e-05	-15.5033
0.000108961	-43.8882
0.00013627	-44.6901
0.000228404	16.7572
8.88925e-05	-44.0701
8.43956e-05	-118.29
0.00011206	-101.173
0.000119792	20.3478
0.000150647	-6.94169
0.00016645	-19.8511
0.000174839	-8.27047
4.85666e-05	-19.5055
4.2153e-05	-16.4206
8.63542e-05	40.1561
7.10146e-05	-33.8611
0.000187173	-1.12495
0.000138798	14.6269
0.000137006	-28.5813
0.00013301	-33.2266
0.000118949	-14.3241
8.57574e-05	7.77069
0.000104414	30.4635
0.000183603	2.26905
0.000112724	53.559
7.72771e-05	22.3163
2.67893e-05	-11.385
3.1829e-05	-1.73533
7.10732e-05	9.01678
0.000185529	27.559
0.000264476	5.84232
5.06692e-05	-6.47993
0.000173608	37.7585
8.55977e-05	13.4838
0.000190839	-4.18184
0.000116224	6.18155
2.78495e-05	-34.1265
3.59587e-05	-41.0886
4.60816e-05	-53.3276
4.99245e-05	-50.6945
7.90092e-05	33.4144
7.95405e-05	21.0937
0.000105592	-8.08392
0.000112028	-22.5206
4.83133e-05	-28.9015
0.000179987	5.25825
9.28988e-05	-78.5038
0.00019385	22.0792
0.000149948	19.691
7.80392e-05	29.1463
0.000136107	7.49911
0.000146438	-9.76672
0.000125968	-26.1985
0.000148909	-12.7185
0.000148234	7.9773
8.24557e-05	43.8937
7.44987e-05	78.9661
7.94041e-05	35.461
5.9399e-05	-9.64097
0.000216445	8.98015
8.25159e-05	26.5782
8.46456e-05	-2.92566
0.000163415	30.8838
0.000163226	4.06601
4.30681e-05	10.3937
0.000142567	-12.2401
0.000118734	-3.03957
0.000108602	0.647275
5.30026e-05	10.9694
4.7427e-05	19.208
3.84109e-05	-13.6289
4.74636e-05	-13.352
5.14063e-05	-12.5825
6.69122e-05	13.042
0.000150538	84.8966
8.82565e-05	11.3836
0.000211451	-19.4708
6.74792e-05	22.9379
0.000195371	29.1645
0.000142166	35.9109
5.61603e-05	-5.00653
0.000308604	-5.81271
1.39535e-05	-35.6807
9.58303e-05	-12.9187
0.000134049	-18.6032
0.000169334	-4.73174
0.00016184	3.98472
7.93092e-05	7.38565
8.52938e-05	3.46157
0.000159416	-13.531
0.000185317	0.398817
7.13142e-05	-6.16518
0.000118283	-37.0291
0.000148762	-18.059
6.0883e-05	-46.1672
8.32548e-05	1.54299
5.9607e-05	5.58292
0.000222264	-22.9139
0.000177037	4.82671
0.000144286	45.213
7.80887e-05	3.15714
0.000143501	39.132
9.28292e-05	-7.25908
9.48442e-05	40.8072
0.000198924	17.6941
0.000193467	0.158124
0.000175754	-10.7035
0.00017518	23.2035
0.000134822	-42.7408
0.000127482	-58.2881
7.70161e-05	49.1351
6.49121e-05	20.6238
6.52902e-05	1.54266
3.32906e-05	-24.928
5.06619e-05	3.63344
8.42078e-05	8.63319
8.7816e-05	-2.8444
0.000149286	20.808
8.34094e-05	-0.661046
7.46006e-05	-1.23505
4.12216e-05	-10.8297
3.35459e-05	-26.7332
2.46181e-05	-27.6451
0.000229617	-27.1525
0.000161811	-27.3985
0.000105328	-4.48798
9.13266e-05	-11.351
7.64685e-05	17.6142
7.73304e-05	-0.805158
5.61113e-05	-36.5583
3.3834e-05	-42.0385
9.95225e-05	-6.23491
3.03709e-05	-53.4981
2.62956e-05	-15.6441
3.98622e-05	-38.3259
6.36606e-05	-3.08566
8.98595e-05	-11.1477
0.000104527	11.9556
0.000106238	6.55913
0.000118266	-25.1093
0.000130227	-0.435771
0.000135848	0.0572341
0.000136137	14.687
0.000141367	-17.4549
0.000154141	-25.9946
0.000164101	4.08342
0.000187219	-17.7664
4.82161e-05	18.9332
0.00021063	25.1224
0.000139083	-1.63734
0.00013881	-2.72326
5.26422e-05	18.0332
6.46862e-05	-23.7873
0.000108536	-54.9738
9.22116e-06	53.7342
2.41854e-05	17.4008
4.53614e-05	12.0861
4.52267e-05	2.46108
8.39567e-05	41.8082
7.50464e-05	1.12685
7.74223e-05	-6.32506
9.13142e-05	-5.34739
9.93305e-05	-2.54861
0.000105349	-4.95953
0.000116231	1.62017
0.000162343	-53.1787
3.90447e-05	-12.9225
0.000157269	60.6675
9.96908e-05	-5.34594
8.27441e-05	37.6405
0.000136771	1.42614
0.000130235	-2.75713
2.08462e-05	21.9884
1.99899e-05	28.4933
1.33252e-05	28.3784
3.6347e-05	-35.067
2.84637e-05	-12.4127
0.000197005	-10.6834
0.000130869	14.9944
0.000134422	-33.5273
0.000109969	-10.5871
9.83474e-05	-3.12316
8.94044e-05	4.55071
8.60691e-05	-2.98116
6.64894e-05	-0.761773
6.15198e-05	-6.26319
5.40323e-05	18.2665
0.000135233	6.62543
0.000148041	15.1654
6.28221e-05	-38.3726
9.29767e-05	14.8749
8.17947e-05	7.41827
5.83105e-05	-7.27386
0.000232288	12.6828
0.000188965	31.2301
0.000161999	-14.5972
8.34902e-05	-9.61164
9.19937e-05	8.7231
7.56247e-05	20.5719
0.000158562	-16.1376
0.000156323	-26.5423
0.00013923	-1.15258
0.000141323	-28.0108
0.000124255	43.2775
9.03547e-05	-16.5064
0.000100101	12.6061
1.73283e-05	7.6573
1.16428e-05	-33.6197
3.10304e-05	-24.1851
4.13034e-05	-36.6829
8.65225e-05	40.8336
8.50722e-05	36.2806
8.32615e-05	39.6152
7.79553e-05	0.810549
0.000117416	-28.9713
0.000137241	1.67876
0.000151438	41.4903
0.000197065	2.7795
2.55332e-05	-42.2396
3.52603e-05	-0.938362
5.49867e-05	9.47498
3.27149e-05	-7.20561
0.000132705	77.0545
9.54247e-05	-5.57235
0.000151263	7.12393
0.000120802	40.7368
2.14541e-05	10.6543
7.20743e-05	27.6185
7.40883e-05	10.6775
8.98857e-05	-24.2869
9.89002e-05	7.73039
9.6593e-05	-10.9585
0.000104753	-0.743516
0.000102135	16.3013
0.00011543	-13.9379
0.000131529	52.3578
0.000137545	64.1648
0.000158638	85.2278
7.17745e-05	7.70627
8.49794e-05	39.0043
0.000110333	67.0282
6.05049e-05	42.2308
2.37681e-05	2.78762
1.82568e-05	21.4982
4.42325e-05	-20.1618
4.61816e-05	-18.8472
0.000150597	-35.4779
0.000142068	21.4981
9.58095e-05	-57.0293
7.90394e-05	0.170237
9.02292e-05	-13.6166
9.53338e-05	-5.03813
7.32252e-05	-18.3796
4.34287e-05	-12.7913
0.00013739	30.8007
0.000144276	13.2204
0.000154543	18.3386
4.54976e-05	13.7132
3.55968e-05	-9.92647
0.000168683	32.8398
0.000148796	6.03142
0.000142186	22.5249
0.000126873	21.3476
0.000103768	24.9658
9.01611e-05	-62.5621
4.90796e-05	-1.81287
2.4523e-05	-17.4985
9.47738e-05	-30.4858
0.000230475	9.36908
7.68229e-06	-51.6206
3.27911e-05	-26.3406
6.19116e-05	-23.0251
0.000108672	63.1368
0.000117865	68.8597
0.000123417	75.9182
0.000134142	77.4402
0.000140581	75.3011
0.000150637	67.4422
0.00017463	31.8064
0.000200021	30.3661
4.13889e-05	9.86765
4.95052e-05	16.6943
6.17294e-05	4.04592
0.000105782	27.9249
7.94608e-05	32.1881
9.6499e-05	57.4787
8.64666e-05	48.6117
0.000121797	51.1959
5.50975e-05	-6.51209
0.000145779	32.7833
0.000211416	32.6851
0.000200226	20.2738
0.000243796	27.3156
2.43424e-05	38.0724
5.05323e-05	-17.0231
6.10777e-05	33.9228
7.5662e-05	46.0891
9.39572e-05	32.4998
9.04152e-05	11.4008
0.000128797	-9.68908
0.000133693	16.766
0.000149237	10.9862
0.00016826	4.93756
0.000185009	10.7187
0.000173608	17.7845
0.000177869	8.30989
3.0057e-05	17.2972
9.3146e-05	-14.7342
6.92218e-05	-6.58375
0.0001546	36.3464
0.000125011	-36.8379
0.000140072	14.3683
8.31708e-05	9.66794
6.97602e-05	12.165
0.000117507	13.1896
5.76311e-05	25.6201
0.000139123	-9.84431
0.000144276	-9.85513
1.58919e-05	29.3873
0.000112649	-23.8593
8.98826e-05	-15.1241
7.65859e-05	2.24561
3.51393e-05	-11.2684
4.27655e-05	-0.712651
0.000269512	19.3554
0.000139093	43.4414
2.76791e-05	26.6293
1.10987e-05	62.3468
2.65596e-05	36.5645
0.000203417	38.0317
0.000154952	87.3037
0.000141706	-10.5575
0.000129163	9.92251
0.000105331	-8.36086
0.000104843	-38.404
9.43414e-05	-9.81696
4.40915e-05	25.8509
2.99981e-05	21.1809
0.00015231	69.1744
5.58882e-05	20.153
5.15913e-05	9.79139
2.45977e-05	38.0032
5.90793e-05	74.8606
8.18273e-05	5.98707
9.98208e-05	60.3748
0.000111089	14.1595
0.000119012	-45.1141
0.000123394	-41.4671
0.000132771	-6.48777
0.000130212	9.05839
0.000134067	-12.8708
0.000141936	-30.6499
0.000164086	-2.72721
4.54728e-05	51.1516
5.14775e-05	45.1362
6.13265e-05	61.9099
9.22361e-05	46.1569
6.1869e-05	72.2316
0.000143255	-1.07052
0.000192648	16.1129
4.82207e-05	-9.28847
4.798e-05	48.5971
4.93233e-05	54.5754
0.000124651	10.7786
0.000141764	51.0769
0.000142855	2.44177
0.000158421	60.0233
6.78425e-05	-3.97259
0.000134111	1.56646
0.000172571	25.6902
0.000148974	2.08527
0.00011359	-16.2466
8.9717e-05	11.8811
0.000178767	40.4508
0.000172825	-67.6583
0.000133324	1.72814
0.000109084	31.5968
0.00010591	43.318
9.57597e-05	37.0804
0.000203281	17.6885
7.68738e-05	-31.5994
0.000174931	23.4522
0.000135074	-27.6567
9.65779e-05	-16.4998
5.09151e-05	21.0509
4.12609e-05	54.7748
9.66172e-05	-4.12193
0.000101376	38.4785
5.38056e-05	8.5757
5.64973e-05	1.00218
0.000114815	-61.8734
0.000110876	-27.7222
0.000171937	1.72201
0.000103314	-48.422
0.000164036	56.8581
0.000137907	13.9753
0.000166486	6.74296
0.000154921	-12.4358
0.000225975	-2.81545
2.26311e-05	31.0852
2.01141e-05	53.3084
3.46521e-05	8.75108
4.73232e-05	-3.13351
0.000190501	-13.4514
0.000263691	-2.2598
0.000117766	-37.1571
8.73107e-05	22.5873
6.5172e-05	13.5945
7.29222e-05	-5.69589
7.81045e-05	11.5258
0.000136005	-32.7294
6.38986e-05	-13.2657
9.13559e-05	-1.94601
3.90919e-05	-33.0791
0.000149313	23.0882
0.000145215	28.8893
0.000129788	34.2221
8.84058e-05	44.0959
0.000102093	-2.76354
2.36826e-05	-37.1891
4.23413e-05	-43.9834
6.01393e-05	-22.5683
6.80135e-05	-18.2077
0.000130128	-26.6832
0.000110648	5.67859
0.000174416	24.3408
0.000106166	-14.0355
9.83881e-05	-0.524964
6.01668e-05	-16.0983
0.000106948	-8.33803
7.11875e-05	-19.2231
0.000148216	-18.0942
0.000113391	-62.7848
5.32494e-05	12.3665
6.32726e-05	-30.9292
2.44338e-05	-73.9299
5.19527e-05	1.11026
0.000149326	-14.8568
0.000166721	-6.6253
0.00017753	-0.673041
0.000122239	-2.13274
0.000207839	-4.43994
6.605e-05	6.80483
7.91644e-05	-37.2766
1.13153e-05	48.239
3.9902e-05	47.9179
4.08899e-05	43.3407
7.78297e-05	46.3715
0.000131743	18.2757
0.000180046	-25.6948
0.000185222	-33.7532
0.000197106	-15.565
0.000115062	29.4507
0.000132597	3.60857
7.11811e-05	-12.6122
0.000116524	14.677
6.16409e-05	-35.6335
0.000253539	18.1804
0.000235827	-24.9109
0.000215382	-34.4887
0.000250252	-44.309
9.8951e-05	-42.8111
4.00396e-05	-17.6388
0.000165944	7.31113
0.000161181	-25.5135
0.00013834	-39.5618
7.88415e-05	-4.79603
6.7607e-05	-58.9797
0.000140208	-28.2701
0.000126067	-6.75368
0.000111396	21.6273
7.87032e-05	7.38021
9.13281e-05	-16.7552
9.74399e-05	18.0114
7.94115e-05	1.08263
1.81138e-05	0.190741
1.98215e-05	5.0676
3.50621e-05	35.3446
3.63921e-05	21.2572
6.1771e-05	-3.06865
8.065e-05	-4.35529
8.14162e-05	-2.19001
8.93361e-05	-12.0383
9.07923e-05	-16.0076
0.000168767	5.25458
4.88484e-05	38.5375
2.8723e-05	16.4515
5.43169e-05	56.0404
0.000112181	-38.9051
0.000191102	-1.23444
0.000158367	8.76096
0.000220026	-46.6564
0.00023933	-17.7313
7.56611e-05	40.1099
0.000191336	-6.16192
0.000185569	-16.3879
0.000220974	-24.5344
0.000248158	-35.8145
0.000174888	38.0568
9.56557e-05	75.3461
7.61719e-05	39.2948
6.12998e-05	18.1552
0.000206508	-3.97128
0.00016692	2.3088
0.000248944	-18.4434
0.000144973	-4.94158
0.000149578	-6.12248
0.000234669	-14.6379
0.000234643	-21.1754
4.28263e-05	-11.5536
0.000152297	-15.4648
0.000121733	4.85197
0.000119039	-14.1544
0.000119049	14.4428
7.98964e-05	-34.5426
5.88971e-05	10.4155
2.50863e-05	-19.248
0.000108419	33.8945
0.000184101	-48.7034
6.90212e-05	13.8896
5.28578e-05	-10.2081
0.00017639	12.581
0.000164101	5.66184
4.6833e-05	7.63141
4.82979e-05	10.6565
4.20216e-05	8.84967
0.000187102	19.1369
0.000180146	-38.8768
0.000130288	3.24109
0.000136065	13.8048
0.000116774	18.3834
0.000116797	-34.2831
9.84594e-05	-35.8336
9.46312e-05	-35.5057
8.02658e-05	-62.0915
8.74615e-05	3.15315
6.37274e-05	-51.4748
5.93525e-05	-29.6665
2.79479e-05	20.485
2.82631e-05	29.9436
7.70444e-05	25.7347
0.000126199	19.6224
2.45977e-05	38.0032
5.90793e-05	74.8606
8.18273e-05	5.98707
9.98208e-05	60.3748
0.000111089	14.1595
0.000119012	-45.1141
0.000123394	-41.4671
0.000132771	-6.48777
0.000130212	9.05839
0.000134067	-12.8708
0.000141936	-30.6499
0.000164086	-2.72721
4.54728e-05	51.1516
5.14775e-05	45.1362
6.13265e-05	61.9099
9.22361e-05	46.1569
6.1869e-05	72.2316
0.000143255	-1.07052
0.000192648	16.1129
4.82207e-05	-9.28847
4.798e-05	48.5971
4.93233e-05	54.5754
0.000124651	10.7786
0.000141764	51.0769
0.000142855	2.44177
0.000158421	60.0233
6.78425e-05	-3.97259
0.000134111	1.56646
0.000172571	25.6902
0.000148974	2.08527
0.00011359	-16.2466
8.9717e-05	11.8811
0.000178767	40.4508
0.000172825	-67.6583
0.000133324	1.72814
0.000109084	31.5968
0.00010591	43.318
9.57597e-05	37.0804
0.000203281	17.6885
7.68738e-05	-31.5994
0.000174931	23.4522
0.000135074	-27.6567
9.65779e-05	-16.4998
5.09151e-05	21.0509
4.12609e-05	54.7748
9.66172e-05	-4.12193
0.000101376	38.4785
