3.19841e-05	16.8807
4.13361e-05	2.06795
9.24484e-05	4.07156
0.000127522	-2.781
0.000152813	22.1893
0.000158741	32.0503
0.000162499	-1.2463
4.09029e-05	1.85636
9.0427e-05	35.204
7.47951e-05	-12.208
0.000135356	37.3
0.000119287	-2.06462
6.31072e-06	11.4655
2.35779e-05	4.8883
4.79994e-05	-9.88204
6.22482e-05	-10.6155
6.76045e-05	-14.0158
9.97186e-05	20.1711
9.29841e-05	-28.1867
0.000112911	45.5381
0.000120866	46.7421
0.000208121	25.5415
3.96882e-05	-2.3241
3.39667e-05	2.85904
0.000152447	22.069
7.0075e-05	34.4575
0.000174092	-15.3905
7.84928e-05	47.7538
0.000130577	76.7324
2.20219e-05	8.66273
3.10101e-05	-14.6428
0.000128191	12.5419
8.47962e-05	-46.1499
7.26625e-05	-23.3192
8.12044e-05	-14.2737
0.000134165	-16.1117
0.00010325	-72.4856
0.00015457	-30.8089
0.000130638	-64.5542
6.1629e-05	26.7905
1.7051e-05	-2.04356
0.000188692	36.8086
0.00017552	46.8704
0.00013954	55.4482
0.000130194	19.7278
0.000119027	32.3486
0.0001085	54.1344
0.000107143	14.7292
7.62325e-05	-10.4591
5.80343e-05	0.874308
9.85844e-05	22.2259
8.24556e-05	12.9607
7.27195e-05	20.1679
0.000138714	32.4442
0.000208769	61.4083
0.000161041	38.7291
0.000169567	54.4114
0.000185997	79.2841
9.64562e-05	19.6378
0.000125507	-4.4877
0.000174318	39.4387
4.99252e-05	27.5138
6.68685e-05	21.88
8.46341e-05	-0.786527
9.86612e-05	13.1095
0.000156565	1.58981
4.42858e-05	-25.4045
8.68286e-05	55.0062
0.000155056	46.0132
0.0001364	20.7039
0.000117628	15.4265
0.000120142	7.93045
0.000108052	-16.8894
0.00012601	-2.7214
2.07413e-05	-10.6126
1.2487e-05	-37.8316
0.000188849	56.9634
0.00012239	12.3864
0.000110861	6.5519
9.97227e-05	26.2121
0.000100739	-11.3913
7.28389e-05	-36.2036
6.79331e-05	-41.5311
5.62027e-05	-50.2371
5.55861e-05	-26.9927
5.40426e-05	-24.019
5.68976e-05	-18.1995
0.000180021	-20.2329
0.000231512	86.6744
0.000194867	44.1512
0.000220658	63.1556
8.51951e-05	31.2298
0.000162766	24.2946
6.3535e-05	9.59643
1.69967e-05	-30.4934
4.39789e-05	15.4513
2.67829e-05	-38.4681
0.000200943	52.8012
0.000197353	33.0536
0.000165283	55.9323
0.000160043	39.1532
0.00013281	60.9324
0.000109995	10.2462
9.00544e-05	14.8038
4.46558e-05	19.4529
3.5392e-05	14.622
3.04733e-05	-6.48695
0.000154602	36.3784
7.8733e-05	10.2014
4.82344e-05	38.5679
7.84011e-05	53.779
0.000106506	39.0088
0.000106669	54.0173
0.000186148	63.6752
3.41179e-05	50.5043
3.1627e-05	49.1727
3.46012e-05	41.5699
9.56849e-05	-25.2417
8.12185e-05	8.83344
0.000148989	8.79727
0.00017897	25.3591
4.47596e-05	-39.3591
8.13599e-06	-22.9524
5.64664e-05	-13.4255
0.000114139	30.2223
0.00012951	25.3393
0.00013072	22.3892
0.00019932	-3.39205
0.000118657	17.8099
1.78603e-05	49.0193
5.2528e-05	-14.468
0.000137022	33.2246
0.000118652	-7.90719
9.7578e-05	-9.27666
0.000111892	8.32606
9.99118e-05	15.4525
0.000101072	15.1719
9.58453e-05	-15.9006
8.33816e-05	-25.1175
7.84165e-05	11.382
7.56944e-05	40.7992
7.45589e-05	-14.9372
4.64808e-05	-29.6645
4.5313e-05	-51.0913
0.000105449	-3.18146
8.84433e-05	-17.164
9.24284e-05	-1.04312
0.000189448	13.6069
0.000141648	61.293
6.05808e-05	-17.0494
0.000186761	32.3684
3.35185e-05	70.51
2.97405e-05	72.8866
0.000203567	56.7423
0.000215127	60.8746
0.000172185	42.7163
0.000161842	23.6831
0.000150647	18.8759
0.000134791	53.1037
0.000122701	39.2534
0.000110606	14.2324
9.04024e-05	35.7251
2.78767e-05	32.6986
8.81885e-05	64.4398
5.56786e-05	52.7282
7.23024e-05	48.5645
0.00014366	27.2268
7.31219e-05	10.4266
8.27376e-05	-0.845559
6.17764e-05	-8.80715
7.06753e-05	-30.1808
4.18736e-06	77.3655
1.57401e-05	84.7223
4.15627e-05	11.0111
5.00176e-05	58.529
5.74907e-05	39.4191
6.52887e-05	25.4155
6.84867e-05	42.8523
7.38986e-05	-51.5986
9.58739e-05	-4.68015
0.000118949	36.3527
0.000157731	63.3394
0.000145539	10.4197
0.000173596	41.3256
5.18197e-05	66.5136
2.73133e-05	69.4914
4.24362e-05	64.2676
6.16528e-05	40.9843
9.15712e-05	-22.9335
0.000113185	-6.28233
0.000113762	-12.5501
6.17686e-05	79.2596
0.000115738	-5.75909
6.07178e-05	78.0889
6.62169e-05	75.1281
8.69931e-05	4.24271
9.08365e-05	-12.3136
9.58066e-05	14.8126
0.000119009	-15.54
0.000159511	3.26938
0.000207617	10.2542
8.87219e-05	-34.3126
4.95505e-05	-51.6223
5.81862e-05	-35.1481
6.30737e-05	-21.8239
0.000108481	-7.17309
5.20502e-05	-17.7792
3.62091e-05	26.5517
0.000209596	19.7714
0.000125627	65.9641
0.00012269	1.73586
8.03085e-05	12.6335
4.29269e-05	-31.4223
2.45633e-05	-31.4746
0.000115372	21.351
0.000142186	42.5612
0.000138101	36.7923
2.28886e-05	20.9735
2.61122e-05	48.5116
3.76948e-05	42.2276
0.000152998	39.4556
0.000124463	28.9147
0.000112489	0.142299
0.000102924	40.1573
6.70128e-05	56.6386
5.65431e-05	17.6086
4.8109e-05	28.9969
6.4684e-05	7.75702
0.000113738	-14.6428
0.00010532	-9.86727
6.9517e-05	19.0457
7.46107e-05	30.0817
8.81363e-05	7.2469
0.00010881	6.98051
9.28292e-05	26.5898
9.48786e-05	18.6653
0.000133984	22.3084
0.000142186	42.6635
0.000175929	27.4936
0.000185412	5.63764
5.17356e-05	-2.38547
9.75418e-05	39.6095
6.34996e-05	37.568
0.000136724	45.2304
0.000123748	-7.98422
6.25822e-05	26.0863
0.000105997	48.719
0.000162006	62.5697
7.61249e-05	5.36904
0.000117725	13.5084
7.16315e-05	4.70226
0.000175885	37.0462
1.15046e-05	-15.8523
4.58308e-05	23.9268
7.93362e-05	-12.7296
9.75381e-05	41.2623
0.000110333	6.21444
0.000109735	8.78689
0.000115472	-25.6104
0.000143546	3.95781
0.000235328	33.0941
4.56497e-05	-18.6233
6.34129e-05	-44.3656
0.000101139	-13.7932
0.000143148	-21.9557
1.4139e-05	-38.4129
3.28776e-05	32.7037
0.000165163	41.9452
9.58454e-05	-33.1144
9.19734e-05	-9.16435
5.51145e-05	11.8032
9.68745e-05	1.56651
8.01511e-05	-36.69
0.000295678	16.4582
8.15718e-05	16.4224
6.86282e-05	-15.3962
2.35473e-05	21.4268
5.37554e-05	17.2246
0.000176323	39.0498
0.00018105	35.0284
0.00016788	44.3387
0.000122465	37.0045
0.000118556	38.0933
8.28138e-05	-16.4781
0.000132889	-3.17351
0.000133502	-3.2923
0.000113185	-2.04295
0.000110514	18.4018
3.94929e-06	21.0794
4.66458e-05	21.8196
5.57851e-05	-26.7176
7.84768e-05	3.01718
0.000160226	-8.04441
0.000211857	38.5306
4.46056e-05	23.7716
8.98403e-05	25.7875
0.000128537	20.4459
8.45837e-05	7.99502
6.0333e-05	28.4796
2.72903e-05	29.2996
6.29265e-05	-10.2995
0.000114661	2.70421
0.000155323	52.3876
8.11987e-05	-28.0724
1.5244e-05	-21.6418
1.02083e-05	-13.745
1.00222e-05	-1.82001
0.000147908	20.7889
8.12691e-05	-45.3367
7.09352e-05	2.23953
5.46919e-05	-26.9783
4.80258e-05	-17.7051
4.70288e-05	-35.9998
3.42824e-05	-12.544
0.000118677	15.1812
0.000105309	-19.4176
9.68334e-05	39.0286
8.61722e-05	-33.5735
6.13529e-05	-55.6263
4.18715e-05	8.74629
5.85632e-05	2.5228
3.01264e-05	5.60743
0.000113552	-41.8312
0.00011842	-43.3668
1.8812e-05	-42.5592
4.97288e-05	1.82299
6.97533e-05	8.69567
7.17036e-05	14.0741
7.89735e-05	29.9721
9.05666e-05	26.9185
9.91568e-05	-43.9524
0.000108482	36.6329
0.000119668	31.6587
0.000156305	43.6399
0.000180546	-4.14367
4.43043e-05	5.10308
3.7012e-05	-9.9117
6.69136e-05	9.00503
0.000146811	46.4753
0.000183569	27.2409
0.000184827	35.5696
6.18387e-05	15.4994
0.000105651	39.2226
5.33585e-05	-7.19525
0.000112048	54.4607
4.47374e-05	-16.4857
5.49198e-05	-62.7959
8.80403e-05	-54.4316
3.69925e-05	33.0924
0.000153237	13.0467
7.547e-05	7.34785
0.000188727	55.9065
6.28939e-05	-60.3196
0.000115509	-6.65672
0.000165567	-0.0665497
3.89798e-05	53.0521
3.81729e-05	58.0521
3.40183e-05	70.5604
1.89665e-05	51.1883
0.000141536	12.0733
0.000117273	29.4405
0.000104942	63.4001
8.58878e-05	66.1292
7.63769e-05	63.0041
7.31193e-05	65.2628
6.47435e-05	53.3724
6.00898e-05	34.66
4.28361e-05	51.0194
4.21201e-05	44.1636
4.64149e-05	66.9661
5.40432e-05	31.1301
9.88988e-05	37.725
0.000101635	-12.2545
8.27927e-05	37.4702
0.000138102	12.3459
0.000117043	51.3133
0.000124544	24.0265
9.62837e-06	0.747711
3.07196e-05	66.7132
2.65952e-05	-45.8444
0.000120214	33.8246
0.000215634	31.9493
0.000188525	16.0331
7.61378e-05	9.0478
8.61573e-05	20.5901
0.000124544	40.3605
0.000139907	43.3222
0.000166396	41.5233
0.000170833	21.736
0.000175742	40.6625
7.13422e-05	11.5218
0.000124019	14.5689
0.000154403	31.717
0.000159893	27.4966
0.000104502	-9.8781
0.000134977	40.0775
3.66249e-05	-53.8569
6.66772e-05	-35.9931
9.63265e-05	-53.3903
0.000140582	-44.1232
0.000153381	17.3915
8.80868e-05	55.9667
0.000170667	25.3857
7.30725e-05	52.2935
0.000111483	68.0324
0.000115903	13.744
0.000142186	-7.15111
0.000138056	-9.00014
0.00012618	46.5161
0.000124712	-0.989184
3.23167e-05	23.7899
4.06927e-05	24.9996
4.80211e-05	11.4455
9.64626e-05	0.773019
0.000130248	5.64385
8.21372e-05	-35.478
0.000152701	-3.15238
0.000119049	-2.44476
0.000141177	-26.5426
6.60434e-05	49.649
0.000184311	-5.00704
0.000165128	23.7142
0.000164451	-9.9108
0.000141996	26.7593
0.000130213	9.81538
0.000123318	-0.64891
0.000111204	7.16117
0.000111071	17.1125
0.000114165	1.98716
4.31451e-05	15.6904
0.00019885	53.1198
0.000120447	-7.76002
0.000134111	-2.42241
0.000111116	19.3548
1.51635e-05	0.00835212
0.000118646	21.9631
0.000123717	46.3228
0.000130213	72.6345
0.000142953	43.9909
0.000152802	21.7082
0.000159786	4.29954
0.000171777	71.1186
0.000173592	11.8648
0.000175349	35.1578
0.000194262	61.2171
2.82819e-05	-2.20253
3.31553e-05	29.9526
5.22296e-05	-34.3663
0.000162948	22.9182
0.000124472	10.8881
0.000168545	34.8723
0.000146983	36.7696
2.50057e-05	-21.8636
7.23246e-05	-20.9165
0.000178128	4.89901
0.000107064	25.4291
6.3899e-05	7.53616
0.00013995	-1.0865
0.000211534	-15.8658
6.98507e-05	20.7196
3.19105e-05	18.9545
0.00011715	-23.7721
9.66298e-05	22.704
8.07471e-05	-5.55132
9.0622e-05	-40.2463
7.47177e-05	2.27266
2.50999e-05	2.37121
9.28292e-05	-0.221336
8.98518e-05	8.45763
0.000162882	15.9838
9.89327e-05	-7.20357
0.000155053	26.1267
9.92959e-05	17.7189
0.000175249	14.0976
0.000124061	-11.5927
4.56659e-05	-0.354862
4.73279e-05	-18.4255
9.20173e-05	-2.45747
5.96101e-05	-23.8547
5.9742e-06	-31.6876
1.73722e-05	-38.3966
3.12156e-05	19.7554
2.42601e-05	-17.7591
3.26752e-05	1.07426
3.3029e-05	36.2734
3.88355e-05	28.6324
5.72136e-05	44.7311
9.05475e-05	-34.6686
0.000135011	57.8823
0.000145224	22.4499
0.000152399	-5.10276
0.000202415	45.6845
4.18902e-05	-14.9795
4.87995e-05	-11.5173
7.72978e-05	-32.6687
0.000195533	-1.19288
0.000136062	17.4002
0.000148762	5.77859
0.000159511	2.35254
3.86252e-06	15.124
1.23552e-05	10.6487
1.63639e-05	1.16917
2.67073e-05	13.0101
3.96856e-05	24.864
6.54364e-05	13.2717
9.28525e-05	55.408
0.000102093	0.795018
0.000111619	57.2166
0.00012012	-9.68235
0.000127053	44.6906
3.79032e-05	-16.3031
0.000142359	30.4091
0.000118435	14.4652
0.000104277	5.50462
0.000232899	63.0816
7.93466e-05	7.03864
0.000251965	56.8416
0.000140144	12.6384
0.000133071	23.3148
0.000104238	1.79689
9.31178e-05	-1.0851
4.02478e-05	-37.0266
3.82729e-05	-40.9378
0.000115624	-24.0102
8.9421e-05	-30.8804
2.85231e-05	-43.0134
0.000151703	-20.062
0.000126868	-29.3878
0.000151358	17.745
0.000188005	35.8337
0.000184624	62.0858
1.2566e-05	33.4249
1.02311e-05	-24.7983
6.03972e-05	6.34817
4.34057e-05	28.0883
3.13585e-05	28.5604
0.000172825	63.7886
9.50421e-05	-45.3819
9.54942e-05	-36.8254
6.86282e-05	-11.5625
4.7781e-05	-15.584
0.000183833	89.8944
8.50329e-06	-0.159126
3.84475e-05	-0.501288
4.02723e-05	8.31128
9.09592e-05	-11.1904
0.000102842	0.858601
0.000113824	4.09643
0.000140967	-12.7901
4.47583e-05	-24.2452
8.00925e-05	42.537
9.93092e-05	34.5246
0.000157256	32.8229
7.87754e-05	-1.24925
0.000108626	13.9865
9.50357e-05	31.0719
6.3987e-05	9.23228
2.27612e-05	-13.8536
2.26145e-05	-4.46114
2.30582e-05	19.8373
2.99757e-05	26.1056
2.49367e-05	1.72755
0.000100513	-33.6523
0.000117183	57.0279
0.000143206	-13.3174
2.69034e-05	-52.4134
3.50792e-05	-14.7716
5.70906e-05	10.0558
0.000256696	57.8572
0.000221738	42.869
0.000125164	15.1351
0.000134927	-30.7184
1.61937e-05	22.0112
7.76315e-05	-25.202
5.30026e-05	3.75566
3.3547e-05	-18.6418
3.51475e-05	-35.6816
4.39554e-05	-36.6062
9.94444e-05	-6.77374
7.63871e-05	-30.9447
0.000112214	5.16653
0.000197562	35.6649
2.91675e-05	42.2463
1.46366e-05	27.6161
1.90097e-05	19.4404
9.84322e-06	26.2652
8.05536e-06	22.2802
0.000176358	31.7173
0.000105203	-19.2622
8.42104e-05	-47.283
6.80947e-05	31.1703
0.000201254	0.737286
8.98826e-05	12.5731
0.000142218	-10.4138
3.8067e-05	-3.40293
4.26784e-05	-13.2943
5.20235e-05	-4.04312
5.5806e-05	-15.5667
6.467e-05	-81.2593
0.000143448	-22.7536
2.89133e-05	14.7239
6.14986e-05	-0.469678
0.000154054	29.163
0.000181075	39.2229
0.00018189	42.2567
6.54417e-05	50.5153
8.25402e-05	47.6748
5.93795e-05	0.840263
5.46876e-05	40.6648
8.54973e-05	36.9552
0.000108177	24.917
0.000103276	-1.34264
0.000193626	29.1128
6.73785e-05	14.007
6.25836e-05	29.4654
8.55978e-05	34.3807
2.67751e-05	-29.5005
3.44371e-05	-18.5635
3.26833e-05	17.1639
3.21206e-05	-30.4193
2.68867e-05	-53.7651
2.38786e-05	24.1024
0.000159848	6.95413
0.000136022	13.2353
0.000109651	-19.0547
0.000100513	-28.185
8.44949e-05	-18.635
7.8168e-05	3.22866
8.20896e-05	-19.6513
0.000143231	6.32289
5.95005e-05	-0.536129
0.000225368	41.1663
0.000139002	46.1624
8.36592e-05	4.08026
8.93863e-05	-10.5161
3.73196e-05	-38.0176
0.000218276	54.5921
0.000173603	5.9275
0.000119007	-6.24924
0.000220054	12.707
0.000135022	26.4199
0.000169503	15.345
2.09498e-05	24.409
5.26405e-05	-4.24907
9.6572e-05	-36.7212
0.000101476	-23.4749
0.000187584	75.7014
6.91921e-05	-4.3822
5.76884e-05	-16.245
0.000183569	-5.61136
2.55772e-05	35.0449
9.8297e-05	-13.7241
9.83535e-05	53.2784
0.000134142	2.44207
0.000135285	17.4446
8.60928e-05	1.50295
5.43494e-05	-5.2633
0.000112377	3.69641
0.000115112	-36.8451
9.99875e-05	-43.9217
2.48071e-05	-21.8438
0.000155613	5.14054
0.000129411	4.82963
0.000129859	-25.5238
0.000118405	-9.45603
8.94145e-05	3.76465
8.77299e-05	-50.1233
0.000118106	-6.03694
9.64815e-05	9.67912
6.84271e-05	15.2242
8.00624e-05	19.4323
0.000148327	50.9266
0.000105291	12.855
7.41909e-05	-31.2239
4.98619e-05	13.7573
6.69769e-05	-44.5873
9.28524e-05	15.1403
9.43608e-05	19.382
0.000109618	33.0692
0.00011201	34.6346
6.69231e-05	44.4706
1.88654e-05	-9.56434
3.44798e-05	-3.44352
5.03724e-05	-0.874699
0.000116757	-5.99354
0.000137616	4.93566
0.000125618	14.0294
3.30932e-05	5.17812
0.000112054	57.3493
0.000116674	1.20906
0.000123657	10.5725
0.000178474	1.18288
5.97759e-05	-22.2431
7.12146e-05	9.98136
0.000122567	-14.1444
0.000134697	19.1581
0.000103035	12.6411
8.71673e-05	37.5655
7.84193e-05	44.396
0.000100159	65.3317
0.000119793	63.0084
0.000125022	15.765
0.000191492	52.1317
0.000181512	19.3034
0.00011379	37.9731
9.72226e-05	26.0508
9.76978e-05	18.3447
6.32993e-05	30.3794
8.81177e-05	37.3614
7.85673e-05	51.6701
0.000113763	9.89653
8.61185e-05	8.22478
0.0001435	28.1572
0.000108661	7.27999
9.20609e-05	15.7389
0.000124063	17.8317
7.89768e-05	58.0276
0.000145415	26.2722
4.87362e-05	-61.4079
5.03568e-05	-37.7873
4.50884e-05	-21.8133
0.000257572	70.3896
0.000185008	25.7545
0.00012558	-9.76718
0.000106917	-18.1205
6.48394e-05	-47.2041
7.54367e-05	21.9064
0.000119032	8.47901
0.000141706	33.0631
0.00012921	62.6025
0.000191037	28.7697
0.000141165	56.1746
5.26345e-05	4.14318
8.06287e-05	-8.60535
8.78998e-05	-33.6649
8.69848e-05	-19.6156
9.43655e-05	-18.8263
9.43373e-05	-15.7176
0.00012454	14.8286
0.000142186	16.1452
0.000148157	22.1955
0.000153275	29.3905
0.000172336	14.975
0.000166146	15.0563
0.000187055	36.2882
0.000216445	49.1989
0.000172829	29.3457
8.73521e-05	19.0823
0.000178476	14.3969
0.000125637	70.6941
8.84433e-05	17.984
9.76772e-05	30.8268
7.14999e-05	5.95204
4.71405e-06	-7.50081
4.97733e-05	-17.9421
6.51767e-05	-18.9585
0.000134111	-2.20742
0.000103496	34.4294
0.000151085	1.72161
8.05339e-05	-11.2676
0.000130274	28.4737
7.74722e-05	1.89415
0.000150597	-10.5628
0.000109086	9.28341
5.30398e-05	-8.28744
0.000197542	48.7121
0.000163493	-31.2145
0.000135788	33.0871
0.00012657	5.81714
0.000124916	2.5829
4.2343e-05	-6.07114
4.61641e-05	29.7411
3.93846e-05	24.4969
4.86831e-05	27.294
0.000193117	20.8308
8.87452e-05	-25.3843
0.000109818	-8.58239
6.80144e-05	18.8279
0.000157233	4.29597
0.000112007	-36.0938
0.000159497	48.6767
0.00014358	9.62273
0.000137182	-24.6319
5.27168e-05	-17.0431
4.98478e-05	39.4494
7.15853e-05	21.3216
7.65486e-05	39.9574
2.78986e-05	1.69583
4.98692e-05	9.20826
0.000107105	11.3882
0.000104634	-35.1356
0.000138054	9.06214
0.000141388	16.7423
0.00016115	8.54646
0.000178739	29.2597
0.000184998	20.7846
4.43069e-05	18.652
0.000123794	35.0541
0.000165606	78.4907
0.000192948	57.8254
0.00010168	39.333
0.000134938	50.1617
0.000168767	7.8088
0.000117195	22.7819
0.000107667	30.1638
1.91189e-05	-24.3041
1.9688e-05	-22.5316
2.15192e-05	-39.5714
3.09317e-05	-39.4328
6.34891e-05	-18.5294
7.18895e-05	-13.7
9.1407e-05	-13.7753
8.35708e-05	-0.775148
9.14575e-05	2.60854
0.000105231	-12.5662
0.0001276	-0.702818
0.000140834	19.2541
3.79402e-05	-7.65825
2.72223e-05	-11.0675
0.000147166	-16.4292
0.000122705	-23.2113
8.00652e-05	-48.4878
0.000122683	-3.27452
8.22486e-05	-22.0736
6.3906e-05	-7.336
6.74339e-05	13.6908
6.43118e-05	-0.453682
7.74489e-05	2.92833
0.000108015	-46.3126
0.000159773	26.7051
0.000168799	7.49941
0.000147123	14.4989
0.000146775	33.5297
0.000107478	23.6705
0.000100861	11.8791
8.20811e-05	-15.2614
7.1305e-05	-32.3509
6.73023e-05	8.77957
8.70039e-05	-1.72676
5.93525e-05	3.60378
0.000152407	-34.7153
5.58856e-05	-24.9727
0.000110236	-36.3018
5.04184e-05	-5.72493
4.65622e-05	-15.178
0.000101461	15.5578
6.43428e-05	3.91372
6.32847e-05	-2.92308
5.42249e-05	-6.85265
3.47237e-05	-34.639
2.64309e-05	0.641752
4.61042e-05	-27.7579
4.96681e-05	-15.2256
9.58454e-05	-21.3071
6.24329e-05	25.6171
7.84758e-05	-4.95102
0.000182476	-12.5839
0.000178569	86.9148
3.39063e-05	11.1853
4.42367e-05	42.2221
6.33507e-05	-12.2422
6.86197e-05	60.5116
8.42402e-05	-4.45894
8.82935e-05	-1.17142
0.000110725	37.6103
0.000135933	38.0875
0.00012124	5.86605
0.00013017	8.28367
0.00017632	17.6259
0.000197249	30.9124
5.11232e-05	32.3679
4.90865e-05	1.8707
9.9774e-05	39.8184
0.000152759	28.9936
0.000135377	51.3207
8.24246e-05	2.11497
5.09919e-05	11.6046
0.000173949	-6.9683
0.000239391	25.1774
6.03596e-06	28.4659
5.86715e-05	11.7523
0.000161883	29.2509
0.000230022	52.3443
0.000128444	23.2674
0.000112738	13.1522
0.000144277	-23.613
0.000148089	-19.6945
7.86942e-05	0.171762
5.01361e-05	-1.04614
4.44808e-05	41.6669
3.86972e-05	39.7448
0.000172251	25.7965
0.000105701	29.521
0.000105328	10.4349
7.35089e-05	42.756
3.37911e-05	13.1413
6.85829e-05	-5.42201
0.000122394	0.122038
8.34615e-05	-32.106
0.000209188	5.39925
9.35711e-06	-25.5928
2.68495e-05	-26.7678
4.71554e-05	-43.0523
0.000215405	52.5705
0.000170102	14.415
0.000139564	4.58648
0.000121869	8.33844
0.000108586	22.9438
0.000104227	15.255
6.91936e-05	-55.0767
5.82839e-05	-29.1732
2.73114e-05	-47.6509
5.34768e-05	-49.5171
8.02063e-05	10.864
4.89646e-05	-21.6213
7.23246e-05	-3.69636
7.8958e-05	1.87742
9.84759e-05	-5.75105
0.000154362	-13.7079
0.000165985	22.1966
0.000113579	27.9991
0.000174556	15.5395
9.91708e-05	11.7213
9.89026e-05	0.111861
0.000109133	-9.56858
0.000148642	30.6385
0.000210637	28.2335
0.000113895	58.7915
9.58139e-05	18.4643
0.000106399	48.1936
0.000199453	26.4353
0.000134111	-5.05517
8.40488e-05	47.1244
0.00020745	47.3704
0.000161408	69.548
0.000158475	34.9324
7.81166e-05	-25.7525
0.000173551	-1.04291
9.57703e-05	4.10683
0.000126404	-8.94125
9.88988e-05	24.8852
0.000212794	-19.2557
0.00015117	21.7987
0.000146367	27.2899
0.000113763	25.9876
0.000105313	27.5266
5.41561e-05	33.6565
0.000108639	54.7026
1.215e-05	-44.4068
4.71497e-05	-1.73051
5.30208e-05	-18.1583
0.00011199	4.45764
0.00011546	5.06327
0.000139311	-9.00469
5.63452e-05	-26.3346
5.06813e-05	24.2671
6.8993e-05	20.0614
0.000110436	-34.5604
9.53729e-05	-6.21173
1.68159e-05	-43.666
7.96017e-05	4.33594
0.000123748	24.0415
0.000148183	12.6922
0.00016645	14.7956
4.85403e-05	-20.5976
4.2111e-05	-36.4069
0.000110869	-29.6743
0.000141739	1.9133
7.84529e-05	-45.15
0.000136054	1.99242
9.84739e-05	15.4569
1.40807e-05	30.7269
9.03614e-05	43.2682
9.06148e-05	26.1564
6.2169e-05	-17.0018
5.42822e-05	-30.7595
0.000121916	-3.39702
0.000118738	-17.492
0.000123093	68.2171
0.000135227	32.6672
0.000110333	19.1146
2.60838e-05	-31.2908
4.88182e-05	10.9346
0.000218236	58.4121
0.000178759	1.9794
0.000139358	-22.1166
8.12787e-05	22.8514
8.69741e-05	21.6082
8.25427e-05	10.6895
7.32696e-05	36.1412
7.40757e-05	44.0288
5.88729e-05	12.1497
3.28073e-05	-40.854
9.58632e-05	-27.1326
7.10732e-05	-8.0223
0.000110873	-29.1466
9.28009e-05	-16.6415
0.000112041	-25.1645
9.92062e-05	17.3193
3.22157e-05	-18.274
6.34082e-05	-8.52574
7.60638e-05	8.0701
7.62562e-05	-10.6364
7.87676e-05	-12.2941
9.09497e-05	-1.55995
0.000145466	12.9596
0.000150595	4.63982
2.87577e-05	-15.7732
3.26311e-05	-8.37663
3.11116e-05	-10.1682
3.54782e-05	1.16289
4.27046e-05	15.4384
5.56535e-05	0.860385
5.60174e-05	-26.255
6.307e-05	-2.62417
7.18298e-05	-10.8044
7.19489e-05	21.8991
8.4767e-05	0.491776
0.00010968	21.4916
0.000110312	57.1627
0.000151554	18.6767
2.72994e-05	6.43674
4.3788e-05	-5.83401
7.02506e-05	19.8627
0.000126404	12.926
8.84363e-05	-15.1657
5.30026e-05	0.987258
6.97294e-05	-61.5102
0.000123923	-40.1366
0.000143667	-9.35571
1.84957e-05	55.8546
4.94466e-05	67.1931
3.27466e-05	-5.62975
2.71407e-05	44.4501
0.000177187	36.3665
0.000172043	31.576
0.000164975	23.8004
0.00013443	-16.1689
0.000140107	29.674
0.000124544	23.7528
9.64631e-05	23.8978
9.54247e-05	11.9266
9.56131e-05	16.5675
8.92504e-05	42.2388
8.60665e-05	0.703988
7.74488e-05	27.6227
6.09333e-05	28.4862
8.26116e-05	17.2966
5.75077e-05	26.5896
0.000119049	31.9692
9.15044e-05	-9.59448
7.86995e-05	10.8549
7.1227e-05	10.0329
6.6151e-05	10.1797
0.000173646	31.3015
0.000106623	61.5366
0.000181493	55.1446
8.42464e-05	50.4758
0.00017853	52.1289
0.000121942	34.0231
4.22754e-05	-22.3371
0.000192871	61.8535
0.000171241	53.4987
0.000141489	17.2117
0.000110765	-28.0321
0.000119309	41.8195
9.48657e-05	14.6222
8.31575e-05	20.4042
7.79882e-05	-2.71697
6.90146e-05	-14.7374
6.34154e-05	-4.72669
5.34457e-05	-14.59
6.44894e-05	-16.608
0.000201845	52.2394
9.76261e-06	14.4777
0.000100749	-19.786
0.000164513	4.5116
0.000141413	-0.599595
0.000131512	6.32927
4.11677e-05	-87.6032
5.59985e-05	-36.1647
0.000102406	1.03156
0.000100276	-23.359
0.000102121	-40.7156
0.000145352	30.3484
7.58314e-05	0.518464
3.93542e-05	29.1262
0.000210642	75.7234
0.000123249	-2.60906
0.000120269	1.55083
0.000110313	2.63515
9.38911e-05	33.2704
7.91816e-05	-4.40917
0.000172406	-1.2825
0.000105558	18.6845
0.000177147	6.70803
7.17061e-05	-15.2761
6.08652e-05	-29.8648
0.000112009	27.6469
0.000128317	0.371392
4.53762e-05	0.304481
0.000239947	73.955
0.000184733	55.2641
0.000166466	24.2571
0.000167009	29.5934
0.000134761	0.287209
7.57334e-05	21.3756
7.21484e-05	-26.3303
0.000108658	-18.6737
0.000116514	-10.4301
9.67538e-05	-8.11823
0.000108602	15.6825
0.000122571	14.7637
0.000128091	23.5692
5.62376e-05	-21.2717
0.000109292	11.7741
7.18418e-05	8.15101
5.77348e-05	-21.9378
6.66899e-05	-8.86586
0.000179498	14.423
0.000138667	11.7379
0.000194007	1.70486
0.000198734	28.2702
8.62785e-05	27.342
9.43373e-05	38.1038
0.000119048	11.4044
0.000122217	-4.29225
7.05209e-05	3.22361
0.00010532	34.855
4.11881e-05	18.5864
2.18287e-05	-3.98206
5.29144e-05	21.8257
3.28475e-05	-2.66188
3.07568e-05	-11.5175
0.000161855	4.08964
0.000138809	42.2721
0.000109871	40.2719
8.8944e-05	-26.3508
8.81023e-05	-11.8771
7.19801e-05	8.33842
5.88265e-05	19.6976
7.7571e-05	7.51583
0.000118355	-0.535504
3.28516e-05	4.18412
0.000169137	39.3022
0.000163085	-0.76265
0.000150595	24.1247
0.000129945	26.5358
0.000135411	12.7054
0.000100598	11.2073
8.97084e-05	23.0112
6.8598e-05	47.6399
6.16262e-05	-9.6578
5.04048e-05	-11.0139
4.68898e-05	-6.10502
3.82998e-05	-38.796
0.000130235	24.3856
0.000136865	42.6432
0.000130782	24.9423
9.27925e-06	-3.07066
1.668e-05	31.5656
1.81108e-05	37.0974
2.19636e-05	57.4045
3.40215e-05	26.848
3.0673e-05	34.6275
4.22079e-05	35.9251
6.62352e-05	-38.9086
8.05518e-05	-41.2466
9.68691e-05	-15.3084
0.000136803	40.6308
0.000133769	4.51739
0.000151655	37.2071
2.91131e-05	4.07968
0.00016786	3.37091
7.41857e-05	-22.2994
9.10845e-05	10.1993
1.53478e-05	19.1444
5.85477e-05	9.73542
8.19819e-05	12.3166
9.27969e-05	-15.1593
0.000104282	-24.3194
9.82397e-05	-19.1382
0.000132512	18.4131
0.000126366	-25.1184
0.000150991	47.4768
4.4689e-05	-26.489
0.000126371	6.27408
0.000136787	-1.21104
6.94432e-05	-5.30157
0.000149316	27.7898
0.000115705	42.4712
0.000108567	26.6768
7.97001e-05	58.3958
7.98516e-05	59.7104
7.74489e-05	-24.695
7.73145e-05	-25.7727
9.14859e-05	-21.3282
8.62217e-05	-19.7904
6.45151e-05	-6.4804
0.000105121	-21.9314
8.91905e-05	-25.2935
2.15742e-05	13.0361
5.00666e-05	16.6438
2.61385e-05	-0.735353
0.000183569	6.16454
0.000152888	-15.247
0.000146395	15.0131
8.41211e-05	8.75863
3.52594e-05	-62.2428
7.01395e-05	20.2099
7.16852e-05	-31.7565
0.000116134	34.8604
0.000121409	12.6023
0.000144333	9.74843
0.000157269	9.04815
0.000168232	0.751702
0.00016645	-2.64901
5.83719e-05	16.7071
3.87907e-05	25.9336
9.42258e-05	9.7643
0.000114157	49.653
0.000124768	-17.622
0.000145519	16.3193
0.000155027	-14.5186
0.000108568	-0.831827
9.49434e-05	7.84443
7.09985e-05	19.6552
6.82168e-05	43.4294
0.000112869	-9.92693
6.85973e-05	53.5524
0.000122641	11.0817
0.000147825	15.9055
0.000106124	26.1205
8.23599e-05	9.98094
1.20895e-05	41.8019
0.000213016	33.75
0.000170189	29.2776
0.000167882	36.7837
0.000100297	-8.24979
9.35405e-05	19.0318
7.46394e-05	41.9787
4.40848e-05	44.1902
0.000142733	48.8227
6.21295e-05	-1.04871
1.82809e-05	-14.8273
4.22568e-05	-23.5177
0.000108807	5.79436
2.79065e-05	-23.0739
4.20518e-05	-2.87774
0.000140824	-0.326034
7.42218e-05	-9.3302
0.000112867	2.4135
5.75437e-06	-62.957
2.2699e-05	-46.6399
2.65532e-05	-23.2607
3.66767e-05	-41.1282
3.78426e-05	-37.6183
4.10666e-05	-51.4313
5.3113e-05	-34.3566
6.35705e-05	-118.387
7.31301e-05	-66.6327
7.51781e-05	-46.1306
9.71404e-05	-20.2232
9.75979e-05	15.2657
0.000100487	-60.3254
0.000135156	0.672828
0.000133462	-8.38024
0.000138102	-10.5332
0.000167295	-37.4659
0.000234502	67.427
6.43146e-05	-10.328
7.76911e-05	-21.0623
8.3655e-05	-63.9438
7.84056e-05	-17.3316
8.69647e-05	-27.4655
8.69741e-05	-9.52168
8.9853e-05	7.41544
9.76427e-05	39.0256
0.00010202	16.4589
0.00010371	38.2301
0.000161018	62.5104
0.000105227	7.66555
0.000151614	12.5007
0.000111869	-1.13629
6.39274e-05	-31.8554
2.65519e-05	27.8034
2.13335e-05	18.8478
5.06196e-05	19.922
4.57796e-05	5.80373
3.99411e-05	28.1979
0.00019941	6.74578
0.000196168	-9.27361
0.000181866	3.04748
0.000166171	17.3851
0.000132107	-0.840792
0.000120431	-2.12179
0.000106468	-33.8557
2.7096e-05	11.7112
9.48747e-05	-26.449
6.96062e-05	-5.71449
0.000152082	15.8604
0.000130468	36.4852
7.39088e-05	-4.15043
6.55677e-05	-9.53341
0.000128943	9.57437
0.000125164	-5.11376
2.48502e-05	-12.2371
0.000197584	24.0319
0.000143765	11.4652
0.000127675	27.7958
0.000117537	-5.85571
0.000102114	-2.61146
0.000102075	34.5091
8.64182e-05	19.053
6.20066e-05	13.0753
0.000164022	-20.6055
5.54741e-05	-0.477262
0.0001437	-22.778
8.29789e-05	-19.7961
2.42433e-05	18.3003
3.85668e-05	-56.1099
0.000140036	39.7604
0.000145322	77.4287
0.000177958	63.6256
4.52035e-05	-89.9597
4.37953e-05	-31.6609
6.63185e-05	-43.2239
6.95405e-05	-61.9791
7.37751e-05	-27.2022
0.000226826	41.9385
4.92745e-05	62.0193
6.12244e-05	7.2547
6.62396e-05	18.6245
8.28456e-05	27.1425
0.000129769	54.4774
0.000115524	31.5051
0.000138483	64.9949
0.000144973	58.2683
0.000148507	28.9369
0.000166679	50.0912
0.000182747	18.8478
0.000184625	-7.62796
0.000101934	31.0087
0.000122374	-3.27804
9.93553e-05	-9.37912
0.000106983	-4.86472
0.000199345	45.5925
3.90077e-05	27.2472
0.000194048	-25.4551
0.000126459	11.8339
0.000119017	34.6304
0.000123427	-2.77558
9.59901e-05	4.15199
7.68737e-05	6.16074
6.30474e-05	17.5825
3.52132e-05	23.214
3.8034e-05	5.95467
9.34994e-05	-2.90564
0.000353607	74.1866
2.96191e-05	-6.43792
0.000216427	-14.3637
0.00019941	-0.260685
0.000145611	-8.19844
0.000129378	5.4856
0.000106564	-14.6171
8.79287e-05	-8.40448
6.42349e-05	51.9749
0.000100858	32.0292
0.0001778	-12.9863
0.000165473	-23.5305
3.66153e-06	40.667
3.15871e-05	58.1844
6.13982e-05	12.6895
5.59518e-05	-33.7251
0.000111174	40.6606
0.000137572	51.236
0.000129422	63.5519
0.000147256	66.1532
0.000147294	3.2444
0.000157707	40.0925
0.000152767	24.6911
0.000170402	55.8275
0.000168799	50.3644
0.000191595	31.4955
5.40174e-05	19.311
7.68944e-05	-10.6693
5.53252e-05	-19.905
0.000108661	-30.8972
0.000132094	-36.1996
6.16183e-05	76.6233
0.000130547	19.0895
0.000172146	44.7179
0.000182069	47.788
0.000211998	67.966
0.000212031	71.3553
4.61706e-05	16.5939
0.000118681	32.869
0.00010406	63.3989
0.000111106	30.7045
6.84246e-05	5.14147
7.44073e-05	4.59938
0.000110722	10.6664
0.000207474	33.6036
0.00014489	49.4303
2.05066e-05	-27.7004
2.15957e-05	-23.3656
1.70261e-05	-24.0179
3.98436e-06	-22.3534
0.000179562	-8.70518
0.000106856	-6.06664
6.96386e-05	8.06262
3.51562e-05	1.82229
0.000193592	30.2752
9.07663e-05	-12.9337
0.00015315	23.6778
0.000142574	22.5749
0.000117756	1.8461
0.000113016	-40.2119
7.64582e-05	45.4047
0.000262958	29.2486
0.000204155	47.8377
0.000155413	-10.0448
0.000150595	-4.9762
7.51645e-05	31.1778
5.30047e-05	16.632
8.14334e-05	-10.3112
0.000169645	1.27448
0.000104383	-5.72957
5.80313e-06	22.969
2.55252e-05	6.2254
3.63947e-05	-26.3441
4.86305e-05	2.90885
7.25588e-05	88.0047
8.60873e-05	40.7738
7.93199e-05	-2.62753
7.76939e-05	32.4277
0.000115298	55.2405
0.000163724	-5.48303
0.000174565	27.6153
3.90471e-05	19.2219
7.27844e-05	25.1469
8.86536e-05	-5.03627
7.33266e-05	16.321
6.56608e-05	-4.2007
5.30327e-05	32.1652
2.13397e-05	26.7508
1.44157e-05	-38.8448
7.07236e-05	10.5579
0.0001243	8.09891
0.000138102	7.27565
0.000176816	42.2446
0.000175577	13.2406
0.000205482	-10.8621
0.00014778	42.9114
0.000155027	21.1558
1.7354e-05	9.90935
0.000139903	-5.42216
0.000127512	0.973476
3.17375e-05	18.9022
0.000245648	31.6315
0.000141164	24.0688
5.80935e-05	15.7547
1.56126e-05	14.1657
3.97932e-05	-13.9861
3.27594e-05	-0.142451
3.8715e-05	34.5719
0.000107062	20.504
4.26845e-05	25.5786
0.000130202	42.1123
0.000149638	50.4055
0.00012899	31.1791
0.000126404	28.4322
9.9216e-06	-10.8695
8.24209e-05	22.4746
8.66365e-05	9.00969
8.69887e-05	-8.55948
9.78072e-05	-13.7093
0.000142662	63.981
0.000206583	22.3203
0.000220954	74.0638
4.5195e-05	-24.0806
0.00012212	20.9293
9.73485e-05	8.44663
8.49377e-05	12.1907
0.000108631	-8.60045
2.34077e-05	5.24569
3.39257e-05	29.9157
3.77035e-05	17.4767
0.000174243	37.3761
0.000179316	1.28498
0.000123154	23.9131
6.62553e-05	33.7668
8.41916e-05	38.3858
7.55764e-05	-56.9031
0.000134111	16.2415
9.54294e-05	9.09522
9.58454e-05	32.6635
6.38988e-05	14.9928
8.69656e-05	2.37935
5.04994e-05	15.8243
0.000124809	18.676
0.000343159	58.7521
0.000155457	0.934836
0.000117725	22.1475
2.28614e-05	-31.7401
1.69968e-05	-20.3394
0.000172243	34.4302
0.000157442	50.3372
6.05526e-05	-36.3589
5.03965e-05	1.05631
0.000169985	35.0963
0.000149149	31.699
0.000119395	16.8664
6.21766e-06	-18.2371
1.00692e-05	-60.8787
2.48826e-05	-5.13467
5.80227e-05	-20.6046
0.000102167	14.0174
0.00011104	27.6963
0.000159483	-3.84994
0.000161806	8.64389
0.00017064	51.9088
0.000177965	39.7932
0.000170456	56.2935
0.000266344	32.5092
7.50683e-05	-9.35732
0.000144479	0.090665
0.000112371	6.14617
0.000158502	37.4647
0.000130205	15.6303
0.000151344	57.7893
8.95299e-06	38.9623
0.000102329	41.5589
9.26515e-05	-0.99332
9.58454e-05	-0.133173
0.000100208	-2.89507
3.1741e-05	37.9912
2.84375e-05	37.8798
4.09471e-05	28.8993
3.58927e-05	43.4594
0.000131135	16.5877
0.000109531	-19.5065
0.000120574	-6.64194
8.14381e-05	24.1186
7.04281e-05	30.5338
8.97421e-05	-17.3388
9.28292e-05	-7.24631
2.41818e-05	40.0465
9.84322e-06	32.4164
4.64984e-05	20.3403
4.5848e-05	59.3295
0.000196708	36.8152
0.000159441	37.1488
0.000138102	-14.4956
0.000134306	-21.6714
0.000132311	-2.9366
8.13592e-05	-25.225
6.51661e-05	68.6833
2.74733e-05	44.9598
8.12633e-05	59.9275
6.21447e-05	25.9086
2.74151e-05	3.23704
4.85573e-05	27.0493
0.000198163	-3.30677
0.000105102	-36.9196
9.18145e-05	-25.428
0.000102067	-32.4261
9.29054e-05	16.6823
0.000110975	23.2996
4.00368e-05	-4.34491
6.88421e-05	-13.8818
9.98364e-05	-15.0401
0.00013614	10.8624
0.000145394	30.6192
0.000160875	5.87521
0.000162936	41.6291
0.000169937	27.268
5.40003e-05	-28.2122
0.000180709	43.4747
0.000128269	-5.66777
0.000111047	6.50361
5.5827e-06	33.0624
6.54246e-05	39.9735
8.36211e-05	24.2998
9.35231e-05	3.28727
0.000148892	2.01303
0.000184188	25.3669
0.000135441	-21.457
1.62629e-05	4.88673
2.0494e-05	-5.26093
1.13529e-05	32.7609
3.20548e-05	51.7836
0.00019485	-1.32319
0.000174616	35.0781
0.000159586	50.2199
0.000156072	13.1208
0.000155371	3.72355
0.00014544	-6.65032
0.0001418	66.2325
0.000143041	34.002
0.000136461	3.08715
0.000124271	9.13676
0.0001154	-2.00196
2.20926e-05	-20.8291
4.42022e-05	-49.1653
0.000218772	19.0363
0.000125389	2.33151
7.876e-05	-50.8778
0.000130666	42.3417
0.000126147	13.63
5.45783e-05	-21.5969
4.45908e-05	28.3841
0.000210954	20.4584
4.60345e-05	3.06913
0.000146655	16.0513
2.52944e-05	-8.38186
2.91782e-05	-16.6782
3.50745e-05	-6.64687
6.44597e-05	21.2647
7.31031e-05	24.4503
9.34464e-05	-20.5613
0.000184088	38.9535
9.20407e-05	-30.7695
0.000149777	-15.4827
6.17986e-05	-15.3379
0.000168883	27.2531
0.000160846	18.4902
0.000149218	30.5544
0.00019311	24.5175
9.43196e-05	38.4566
3.00104e-05	16.9688
3.2372e-05	65.9906
5.00266e-05	-24.0777
7.39461e-05	-9.84091
8.81822e-05	-19.7752
9.80081e-05	-5.56485
0.00016645	28.2748
0.000195995	10.944
9.90277e-05	-7.93596
0.00010886	-3.95721
1.93282e-05	4.03882
0.000134495	38.039
0.000104034	48.8654
9.02126e-05	19.2427
7.5276e-05	26.1888
6.22802e-05	22.8255
6.50783e-05	23.5894
0.0001464	-19.2542
0.000111094	-30.2822
0.000122705	-18.6749
7.41294e-05	-34.8077
7.08306e-05	16.4672
0.000125884	5.58589
3.02185e-05	-18.906
3.78699e-05	38.9209
0.000190253	26.0357
0.00016196	14.4332
0.000134378	-13.7725
0.000136992	17.0538
0.000126726	12.529
9.89316e-05	-35.8381
0.0001688	17.067
0.00012753	-29.3786
2.39793e-05	-34.9505
3.94093e-05	-46.8317
7.83018e-05	34.1069
8.69809e-05	39.3646
9.74375e-05	58.8936
0.000102155	11.1209
0.00015996	24.1449
5.27089e-05	-5.16855
5.93962e-05	4.04936
6.81709e-05	13.6264
6.62553e-05	20.3899
6.87313e-05	5.5893
6.90945e-05	48.396
8.25439e-05	-21.2889
7.72402e-05	6.16259
8.31721e-05	-26.2177
0.000140085	8.12082
0.000160354	26.4822
4.4004e-05	-32.3288
6.97735e-05	-30.0488
0.000100632	-4.16389
0.000131734	-10.1122
6.70358e-05	53.2634
2.79807e-05	-29.4945
8.3743e-06	-6.00467
3.01852e-05	-22.5499
4.20769e-05	-21.2799
3.05126e-05	20.5087
9.85408e-05	15.5188
7.68656e-05	11.987
6.37518e-05	45.213
6.12949e-05	-4.41375
5.71861e-05	45.3875
5.18439e-05	-17.9597
2.55042e-05	-25.8028
0.000198573	55.5568
0.000126521	-30.3367
8.86071e-05	-33.6131
7.3201e-05	-27.7246
2.50659e-05	27.2132
4.88182e-05	31.1184
4.03316e-05	41.0915
0.000160546	20.5294
0.000109679	0.907094
9.49517e-05	61.1475
8.34506e-05	51.7065
6.15134e-05	38.9703
7.3576e-05	12.1484
0.000144014	34.6415
0.00019941	20.3664
3.79263e-05	41.2972
4.85049e-05	39.3895
6.39007e-05	32.9015
0.000113108	19.9293
0.000129472	59.6124
0.000122335	-1.0105
0.000181171	21.9443
0.000178495	11.955
0.000171429	26.8505
0.000183335	59.4188
4.03803e-05	64.1191
3.2701e-05	41.2597
5.03822e-05	20.2406
0.00014221	63.8399
0.000123927	75.1967
0.000152901	59.9743
0.000136106	75.1899
8.25028e-05	-16.866
0.000103995	22.1294
3.15401e-05	47.9438
4.19136e-05	35.2877
4.51453e-05	19.4939
6.59524e-05	-2.93827
7.71483e-05	-5.2264
8.08129e-05	-41.711
9.57566e-05	-21.8363
0.000162571	52.604
0.000194007	47.3621
4.65644e-05	-47.9989
3.96541e-05	-17.5709
3.70089e-05	-21.433
3.10994e-05	28.055
9.88027e-05	-14.9652
5.66041e-05	-28.3295
1.78762e-05	-21.1965
3.27056e-05	-18.8037
0.000191408	45.145
0.000180415	12.6754
0.000149306	42.9356
0.000137916	33.2753
0.000121948	42.2544
7.79813e-05	-6.55902
9.70556e-05	-30.4522
6.17087e-05	-1.7208
8.76361e-05	-21.7953
5.45111e-05	-13.1347
1.97461e-05	10.871
0.000149459	32.0875
0.000114303	84.1961
8.08918e-05	63.139
5.68597e-05	3.07454
2.50155e-05	20.2053
9.65131e-05	71.3846
8.7913e-05	58.3282
0.000177909	68.5463
0.000101532	59.4972
9.70803e-05	67.7611
0.000237801	99.503
0.00023078	99.3695
1.65014e-05	-18.0508
6.43342e-06	78.7181
2.6007e-05	19.5232
6.58281e-05	39.263
0.000117333	6.16742
0.000153599	42.5142
0.000158859	10.085
0.000175579	35.4797
3.10742e-05	64.0721
3.297e-05	70.6093
0.000130215	58.9444
0.000132162	11.1145
0.000111108	26.0096
0.000132674	11.2805
0.000173608	29.292
6.34973e-05	59.7601
0.000141942	60.2566
0.000151913	72.518
5.08625e-05	3.06988
9.84411e-05	-36.2493
9.43372e-05	-33.8969
0.000129128	-2.46516
2.83222e-05	-42.7448
9.6695e-05	-19.844
0.000160197	41.2461
2.18503e-05	-28.9547
5.28237e-05	-96.1523
4.45871e-05	-39.2861
0.000249144	42.1972
0.000194351	-11.44
0.000123216	-3.84198
0.000123659	7.34587
0.000104186	13.3391
9.72495e-05	-31.1832
9.48819e-05	11.3258
9.83881e-05	-6.43415
6.4385e-05	-93.936
6.3906e-05	-9.17289
0.000105319	-40.1451
7.98646e-05	-41.6301
7.93506e-05	-69.0975
4.38523e-05	-72.8121
7.44674e-05	-29.9575
8.69718e-05	7.65183
6.59173e-05	12.5307
6.98268e-05	31.0736
5.84984e-05	-7.21931
0.000172159	26.0396
0.000185028	38.9424
0.00015591	45.2738
0.00015379	38.7997
0.000192528	46.3414
0.000140804	63.8549
8.51075e-05	67.6482
0.000113763	80.7901
0.000261707	61.1534
0.000101277	42.4633
1.81965e-05	44.2719
1.99975e-05	45.3368
0.000104079	7.20235
0.000114401	38.3974
0.000111314	28.8658
0.000178392	42.8672
4.82086e-05	22.1728
6.38771e-05	-17.953
7.71118e-05	-20.999
0.000116284	19.0593
0.000148415	36.8048
0.000181306	27.8027
0.000188662	10.0824
9.05219e-05	-5.45129
0.000153947	27.985
6.4276e-05	34.6754
7.61551e-05	50.0681
0.000131225	46.0349
0.000121472	14.1752
3.939e-05	-37.5363
7.14963e-05	-73.4313
8.26867e-05	5.10919
8.86111e-05	-6.26083
8.68866e-05	-36.0812
0.00011306	-9.49195
0.000160574	-37.8346
3.5097e-05	15.9116
4.59297e-05	15.7069
0.000134462	28.8435
0.000118684	32.2696
5.88056e-05	-46.2194
5.84469e-05	-40.8873
0.000175232	39.0007
0.000171666	24.4636
0.000161101	71.2649
0.000119516	41.0563
0.000123068	45.4141
0.000112347	-17.3007
9.78225e-05	53.0094
8.73687e-05	68.7053
8.53391e-05	-12.5708
7.24198e-05	42.0872
5.75096e-05	-29.7563
6.24904e-05	71.1331
3.4203e-05	-17.4615
8.21804e-05	-65.2656
5.25006e-05	65.9091
0.000149083	21.9057
0.000144685	11.4301
0.000101277	35.0998
8.64224e-05	6.93904
7.27194e-05	63.5354
5.15199e-05	53.8214
0.000103463	47.6102
0.000104368	10.306
0.000142469	44.9339
6.98773e-05	7.41972
8.60401e-05	25.5494
6.48609e-06	67.0332
1.91157e-05	70.5667
4.74015e-05	17.8492
0.000120159	-11.4064
0.000148078	-18.9101
0.000179117	34.8859
0.000178513	-0.295157
0.000189389	31.869
0.000196275	23.5037
3.11613e-05	75.5149
2.40525e-05	87.7042
3.54838e-05	68.7848
2.80224e-05	71.3482
6.98408e-05	10.9151
9.73822e-05	-45.3605
0.000179539	5.99241
0.000152568	-15.2705
8.16483e-05	10.8563
8.67505e-05	-6.34423
0.000125466	-10.4929
9.02873e-05	-33.5045
4.9192e-05	-51.3427
0.000118047	15.4271
9.16041e-05	37.9612
8.14441e-05	34.8072
0.000144765	27.7258
9.69167e-05	-5.72276
9.27565e-05	-2.7415
0.000182606	8.7229
9.45898e-06	-112.419
0.000183855	29.1548
0.000188727	23.6339
0.000162395	30.5642
0.000169317	47.6078
0.000113522	66.5927
9.30884e-05	48.4911
7.59928e-05	-33.3889
0.000150647	15.4515
7.13878e-05	-37.2976
2.33979e-05	39.8372
3.99434e-05	-1.01878
4.02927e-05	48.2357
3.15856e-05	36.8867
7.97816e-05	-26.212
9.08889e-05	24.0112
7.52246e-05	37.7377
7.13098e-05	0.987495
6.85736e-05	46.2754
3.01508e-05	62.9903
8.64598e-05	-3.62576
0.000127454	16.7544
0.000149174	22.7788
0.000135847	15.9326
2.85089e-05	1.54951
5.57132e-05	-33.7871
8.86209e-05	-1.38991
0.000128407	-21.1652
0.000134231	-14.5594
0.000141749	0.454131
2.18274e-05	-2.652
3.77265e-05	-2.33634
3.64084e-05	-50.7408
0.000102537	-4.69283
0.000121465	-31.2498
9.33097e-05	-11.9583
9.69044e-05	-23.5246
0.00013295	3.85573
5.01453e-05	-6.68403
0.000124459	35.5748
0.000108604	4.41678
0.00012026	10.5156
6.65446e-05	5.90795
2.86305e-05	10.0673
5.01096e-05	41.4648
0.00020105	42.7249
0.000184177	33.3355
0.000167233	-3.58297
0.000121376	-5.45022
0.000110725	39.2828
9.70949e-05	25.4893
8.02474e-05	59.3625
5.98548e-05	37.4878
4.93458e-05	6.88734
3.50317e-05	-2.12834
7.60226e-05	36.5915
0.000114548	10.3986
3.67122e-05	28.7757
8.79368e-05	29.8566
6.45901e-05	50.1703
5.42885e-05	45.7122
2.31178e-05	4.22004
3.21347e-05	5.86957
9.89328e-05	7.37965
0.000115604	14.2486
6.3096e-05	25.5995
0.00014337	42.5622
0.00017137	21.4027
0.000157304	15.0587
1.97834e-05	-56.5327
1.52616e-05	-76.0896
1.73319e-05	-58.9054
6.29756e-05	-47.2758
8.19813e-05	-35.1609
8.98771e-05	-6.22105
0.00014891	1.02893
0.000131909	-34.0386
5.78467e-05	-16.9869
5.55361e-05	-36.8351
8.32022e-05	-94.2921
0.000175721	5.60661
7.66744e-05	-20.9569
6.15694e-05	-33.418
0.00010831	-45.17
1.8542e-05	44.1012
2.20742e-05	24.2025
2.25774e-05	22.5299
2.92453e-05	11.1288
6.40271e-05	11.6717
8.30227e-05	-11.678
0.000102093	22.1353
0.000113163	11.7017
0.000136379	23.0672
0.000156221	6.16916
4.38363e-05	53.207
0.000226577	61.6106
0.000151899	35.0956
0.000194023	59.1222
0.00014838	18.6699
9.06192e-05	-10.6181
1.4455e-05	39.9563
3.97704e-05	-11.0175
4.78886e-05	-2.13267
0.000182475	35.559
0.000168796	2.0533
0.000141323	41.3687
0.000101996	7.56699
9.28549e-05	18.8441
8.50654e-05	-33.3718
8.87311e-05	59.5446
2.95764e-05	-7.71386
3.28694e-05	-21.6307
0.000118958	15.0178
8.2162e-05	21.5805
0.000110608	-27.995
0.00011195	-12.8041
7.937e-06	11.4381
3.16399e-05	45.5001
2.92365e-05	24.9048
0.000137635	-7.55746
0.000126387	-23.2436
0.000125907	-15.5816
0.000121472	-35.5941
0.000110282	-4.86388
0.000118086	16.548
9.96006e-05	22.2473
5.96121e-05	6.18488
0.000114786	44.6775
0.000179542	58.1592
8.65236e-05	28.8816
0.000139598	-16.8496
0.000144722	-15.9915
6.65779e-06	8.07355
1.81872e-05	-43.8232
7.0638e-05	-7.80851
0.000148915	0.990472
0.000135441	8.77314
0.000133908	26.0995
0.000107513	41.0042
0.000124166	43.7038
0.000138028	4.59808
4.98397e-05	45.1209
0.000138118	38.7333
0.00014177	3.26668
0.00017847	61.3721
0.000106545	-23.3953
0.000127053	18.8833
0.000143823	27.8248
0.000142186	-7.99695
0.000104193	-8.38619
8.89335e-05	-36.3764
5.93534e-05	-17.9825
9.66517e-05	-13.2809
0.000179131	56.6475
0.000108494	19.7639
9.02898e-05	77.4517
0.000159389	9.6781
0.00014706	3.54924
0.000188607	38.871
0.000178114	21.3766
0.000171204	-13.3068
0.000159038	8.87632
0.000150719	42.3514
0.000112028	6.96085
7.88446e-05	14.5322
0.000160357	27.1427
0.000159043	13.5831
6.69992e-06	18.0305
7.16372e-05	32.4828
7.61253e-05	13.6226
8.42903e-05	13.0518
9.57085e-05	47.6445
9.72783e-05	-23.7087
0.000114798	39.8327
4.23989e-05	4.17362
6.71399e-05	30.5333
7.88498e-05	36.4453
0.000123597	20.4255
0.000106478	48.6293
0.000136802	16.2932
3.1016e-05	9.09519
3.70365e-05	7.97724
5.50552e-05	-15.6812
0.000131512	10.921
0.000141712	-3.41707
0.000146367	-0.892958
0.000174918	10.4654
5.18951e-05	27.2544
0.000174715	14.5685
0.000124988	-23.9559
0.000139739	-34.2925
7.62017e-05	38.1034
0.000116592	-41.7725
0.000128283	-33.2109
0.000130179	4.26583
5.12314e-05	-52.0364
4.44254e-05	-16.9588
3.77763e-05	-21.4524
0.000192975	-20.6769
0.000148809	0.724343
0.000146365	-2.85093
0.00013798	-20.2171
7.45268e-05	-56.805
9.06283e-05	-82.9712
0.000107025	-36.5436
0.000165015	-12.4139
0.000168327	6.15273
0.000156113	-17.4236
0.000136745	-10.1966
0.0001337	-2.44378
0.000120635	47.4995
0.000119861	12.9553
8.8923e-05	11.518
0.000115497	9.67507
0.000157769	30.3351
5.8052e-05	22.3764
7.20949e-05	42.8802
9.1847e-05	72.3073
2.65044e-05	23.9146
4.11945e-05	35.604
3.49432e-05	32.7782
4.56316e-05	-6.25646
9.58453e-05	-0.204007
0.000112028	5.17844
0.0001334	17.7427
0.000145158	22.6256
8.90565e-05	17.6978
0.000113272	-3.33079
8.26206e-05	56.9594
0.000122684	7.29243
0.000134111	3.14826
0.000123317	24.228
0.000139247	64.4483
7.64534e-05	38.1364
9.73507e-05	50.0435
9.60233e-05	24.2084
0.000107901	-2.52384
0.000134649	39.8824
0.000145871	46.3529
0.000164642	62.4638
3.1001e-05	9.74004
8.65839e-05	18.1495
6.74763e-05	-1.88535
0.00013707	44.8351
0.000112028	52.5905
5.92221e-05	8.36961
0.000163132	38.1123
0.000199354	68.4076
0.000112049	35.0367
6.6233e-05	44.4408
0.000139021	-9.20391
8.0102e-05	40.0604
7.87755e-05	35.964
2.17943e-05	-19.9095
5.23435e-05	-35.0312
0.000128153	13.8284
0.000108454	10.2754
0.000111962	12.0474
8.46511e-05	-35.1648
6.61563e-05	-23.1336
8.08991e-05	38.6739
7.24319e-05	7.12169
0.000157928	-14.1018
0.000147713	7.12213
0.000122069	29.2856
9.27867e-05	-4.77582
6.38989e-05	26.1414
7.29011e-05	-27.2347
6.69185e-05	-27.0346
6.06402e-05	-12.6858
2.7326e-06	20.327
2.76168e-05	25.7738
5.29844e-05	24.2318
6.95009e-05	28.3629
9.42654e-05	32.7734
9.20434e-05	7.20428
0.000118052	21.6628
0.000112722	3.71483
0.000123603	8.05449
0.000129352	12.0195
0.000141002	32.6411
0.000176105	-8.21865
0.000176127	15.5231
0.000183534	29.999
4.16664e-05	6.59827
5.91585e-05	-18.3379
0.000113219	13.2755
9.82386e-05	8.6285
6.20943e-05	17.2338
7.77594e-05	26.3466
0.000105297	4.58197
8.03422e-06	-15.2283
4.57372e-05	14.8834
8.74191e-05	40.8181
9.58161e-05	30.2858
0.000127279	25.3212
0.00015244	58.9052
0.000161348	56.0588
0.00017689	28.8129
0.000189275	27.2358
3.35384e-05	-7.86294
4.23413e-05	-12.5372
0.000156907	25.7168
0.000174392	-19.3306
0.000211842	29.6916
0.000148642	-0.0650055
1.63325e-05	27.6568
2.81992e-05	-0.594101
2.23619e-05	-13.5136
1.51572e-05	-21.398
0.000146338	-9.1892
0.000149836	-3.01316
0.000130573	0.701021
0.000125772	-29.6551
0.00011673	-31.2256
0.000110672	-19.8875
6.15874e-05	-23.5272
0.000165062	-35.5045
6.90121e-05	-4.82746
0.000169065	-14.6507
2.42893e-05	-3.20352
0.000225768	51.9968
0.000111352	37.4357
8.02786e-05	22.6678
7.69854e-05	-53.8455
7.47617e-05	15.5104
5.84069e-05	28.7012
0.000121341	39.3949
0.000217812	-7.88997
8.71017e-05	2.7241
4.55884e-05	7.5635
0.000154983	37.5011
0.000217911	55.1838
0.000106097	14.9316
0.000132362	-13.2427
0.00010371	-16.4222
2.69697e-05	-8.067
7.70547e-05	14.994
7.35183e-05	4.12728
8.84443e-05	18.1336
9.58631e-05	42.3983
0.000133866	32.8338
0.000155762	-6.27763
0.000183569	33.3542
0.000104456	-10.5859
8.90054e-05	14.932
7.44324e-05	-1.34462
6.66952e-05	3.62729
0.000175311	40.8336
6.36219e-05	-2.49441
5.49955e-05	-4.74393
0.000154911	-7.44856
0.000187225	-16.34
8.50592e-05	17.1514
7.4329e-05	46.6465
9.97243e-05	15.774
6.47065e-05	65.5097
3.90547e-05	-11.5087
3.3006e-05	-4.6128
0.000131882	-18.6056
5.47335e-05	-27.5765
4.72203e-05	-2.5863
0.000113763	-25.1342
6.31389e-05	-44.2816
0.000234619	57.8824
0.000216399	57.6793
0.000216399	74.0137
0.000188674	22.3415
0.000176069	20.5045
0.000146718	18.2585
0.000143354	29.7162
0.000126763	32.5207
9.58738e-05	-12.8454
1.16593e-05	29.21
2.09125e-05	33.9784
1.28217e-05	-0.787729
1.79568e-05	11.4121
2.61444e-05	-5.0557
3.05549e-05	28.0563
5.59477e-05	34.9754
0.000117994	-8.59681
0.000155384	-17.4863
0.00024257	30.9199
4.29083e-05	21.9823
7.44073e-05	-12.1112
8.5775e-05	25.773
8.98518e-05	-2.86
0.000132137	5.62901
0.000234662	26.834
0.000222332	53.3347
0.000174656	19.6245
0.000195815	25.7379
0.000161464	25.895
0.000208365	7.92077
0.000146346	32.1205
0.000196708	57.5045
0.000162659	91.2526
0.000145808	50.4144
0.000154687	62.1404
0.000150595	45.6187
0.000148507	74.8559
0.000132771	69.8645
8.63855e-05	-25.5097
0.000119471	0.559356
6.1903e-05	4.08197
0.000106128	29.4716
0.000220791	60.3922
0.000204606	46.7818
0.000200873	26.9192
0.00018633	54.843
0.000140459	-9.90754
0.000118973	-9.00186
0.000107663	79.9257
9.10387e-05	41.5958
8.42248e-06	-30.7926
3.68662e-05	-66.545
3.47363e-05	-48.965
4.27363e-05	-15.8703
6.23146e-05	-73.7684
0.000110456	-24.5312
0.000111493	-20.0571
8.94992e-05	-18.3011
0.000135662	-44.7275
8.14652e-05	-59.1771
9.16976e-05	-24.0376
0.000110132	-47.9156
0.000106399	-27.5951
0.000228674	32.2657
0.000225368	19.9748
0.000220354	5.60983
8.07657e-05	31.5666
0.000108605	13.3549
0.000190499	46.8001
0.000161997	25.7603
0.000115459	3.24544
6.00676e-05	75.4374
0.000170767	73.2644
0.000144277	24.7591
0.000113337	-28.248
0.000149825	5.04825
0.000171204	-16.0141
0.00015677	17.5049
0.000144869	34.9481
0.00013132	20.4696
0.000122098	70.6714
0.000102689	19.9823
0.000102875	20.979
8.94257e-05	18.5408
7.70395e-05	1.74344
2.98324e-05	10.8571
4.25044e-05	-10.2471
5.65038e-05	2.88027
9.08648e-05	39.3965
1.8309e-05	69.4521
5.06366e-05	82.932
3.74886e-05	84.4543
3.10263e-05	47.2139
0.000203325	11.268
0.000134739	30.9339
0.000116224	60.6186
0.000100197	84.9834
9.45263e-05	96.7767
7.18053e-05	69.3018
6.99836e-05	83.8012
6.72674e-05	73.015
6.23861e-05	70.0452
0.000143978	4.61721
0.000144705	8.27131
2.64019e-05	11.3647
1.90671e-05	-29.3066
3.25125e-05	-39.7375
4.19549e-05	-33.2132
0.0001376	33.5146
8.84163e-05	-3.56864
0.000102958	24.0312
0.000116738	-6.44253
0.000139416	-8.06236
0.000116272	-42.7759
0.000195388	15.1394
9.95189e-05	-37.4453
0.000153971	22.5611
7.41815e-05	-70.2347
8.81362e-05	-30.3647
0.000116956	-36.8459
0.000144055	67.4569
0.000183555	35.3347
3.62917e-05	81.0678
3.22964e-05	46.58
5.63966e-05	58.9634
8.64993e-05	-24.4671
8.79416e-05	36.7051
0.000180298	64.5402
0.000191331	43.5273
0.000150863	8.34066
0.000182346	19.6962
5.65594e-05	68.5207
3.3518e-05	15.8849
2.98988e-05	25.6755
3.05957e-05	9.92808
2.56687e-05	16.1375
0.000204941	33.3516
0.00019941	-11.3173
0.00015529	-8.6386
0.00011351	40.6378
0.000100971	21.3337
8.00049e-05	12.5865
7.23245e-05	-11.8054
6.84377e-05	-9.45535
2.90631e-05	32.0628
0.00013581	10.8093
0.000138054	14.9373
0.000105273	-59.8703
5.93882e-05	61.9422
2.7223e-05	64.7686
6.28681e-05	66.9863
2.95511e-05	86.1553
0.000194868	3.63979
0.000186021	18.9447
0.000143975	33.8404
0.000128508	55.0484
0.000131844	4.03684
9.62793e-05	48.8163
0.000101104	50.9854
7.82468e-05	64.175
7.71866e-05	31.9567
4.54283e-05	84.9508
6.4814e-05	68.8671
8.56655e-05	87.4443
0.000145735	16.4556
8.05124e-05	34.6905
1.57405e-05	-39.2961
2.0581e-05	-36.6059
1.91949e-05	-1.86523
9.53811e-05	7.09177
0.000122558	-15.1213
3.25962e-05	-33.0564
0.000142455	-8.5808
0.000155027	0.682357
0.000136771	-1.92668
1.95772e-05	11.6429
2.2434e-05	-20.0789
3.39098e-05	7.21811
3.75866e-05	5.33985
4.43384e-05	-13.7964
0.000195981	27.8362
0.000109037	-14.0897
6.1171e-05	30.6124
0.000107992	-3.65061
7.56375e-05	-14.8217
0.000131265	12.0422
0.000142138	2.05656
6.01622e-05	28.8451
0.000131949	9.70892
0.000168704	1.78494
0.000130168	2.77614
3.58534e-05	-36.5446
4.00281e-05	-33.7912
0.000216399	8.3272
0.000187422	-3.08882
0.000130797	1.03806
9.41908e-05	10.2467
9.47932e-05	18.5879
4.16417e-05	35.7977
3.95783e-05	12.6979
9.87889e-05	-4.43445
0.000138128	-10.0995
9.28316e-05	-3.75879
5.20067e-05	51.21
4.358e-05	28.9248
0.000177911	7.79049
0.000170995	38.3554
0.000103728	0.626071
8.0811e-05	18.577
8.68317e-05	41.6904
2.87067e-05	29.6786
0.000193857	18.3767
0.000204923	22.9154
7.07929e-05	63.5259
0.000148468	21.9579
7.87342e-05	37.4632
3.44601e-05	-7.85594
8.45103e-06	21.9992
4.60865e-05	-11.6685
8.44236e-05	-16.5452
9.22084e-05	-52.8866
9.31641e-05	-32.4581
0.000149448	-15.1998
0.000152365	10.2977
0.000183513	19.8546
9.73891e-05	90.8106
0.000113224	77.7921
0.000197885	50.5447
0.000165146	48.2766
0.000160155	-32.4552
7.21413e-05	-81.6952
0.000141574	-37.3811
7.87786e-05	-99.4255
1.31762e-05	16.7398
4.46122e-05	46.4256
5.91856e-05	5.07424
6.53677e-05	16.971
0.000103613	25.7023
8.86192e-05	-28.3395
9.58132e-05	-8.40957
9.57719e-05	-6.28449
0.000109093	15.8746
0.000131935	33.7856
0.000144026	56.9927
0.000163973	10.462
0.000213921	30.0502
0.000262213	47.8318
2.90728e-05	-8.58884
0.000134217	-0.911999
7.23174e-05	31.0501
9.23035e-05	30.5636
0.000102535	43.421
5.62442e-05	-2.77514
0.000164708	20.2775
0.000121483	23.4381
0.000100051	24.405
9.28466e-05	-10.4673
2.7689e-05	-14.223
0.000140668	-13.5446
9.44308e-05	-42.1413
9.54192e-05	-11.7833
8.32907e-05	-30.1268
7.91302e-05	-38.5583
4.77798e-05	11.489
9.39056e-05	-57.9556
3.38339e-05	3.05027
0.000219886	20.7161
0.000189617	26.6717
0.00018105	-14.723
0.000159538	2.60956
0.000140552	-32.8847
0.000108656	-26.4262
4.25079e-05	31.6622
3.65996e-05	21.4401
6.00942e-05	11.1889
0.000225789	47.2803
0.000204871	9.9963
0.000190033	33.1635
2.7495e-05	29.0232
3.57492e-05	64.1258
3.89631e-05	46.9771
4.02592e-05	57.9146
4.67918e-05	43.3344
6.23639e-05	34.4708
7.93156e-05	-14.9437
0.000150926	-19.1477
0.000172136	20.7525
4.88121e-05	4.13822
4.31816e-05	-8.00063
3.1469e-05	39.3679
3.62483e-05	71.266
6.1795e-05	19.4874
5.86833e-05	-5.70052
6.05386e-05	-4.33568
3.08256e-05	7.94131
2.09136e-05	21.0597
5.36892e-05	30.1857
5.47649e-05	39.567
6.96062e-05	51.2152
8.39049e-05	22.6916
0.000123629	42.1815
0.000121879	30.5284
0.000133466	12.6434
0.00014568	69.1126
0.000154988	16.8204
0.000188079	4.79839
5.52399e-05	-8.04162
3.46735e-05	-17.5628
4.04199e-05	-32.577
4.6433e-05	-8.45276
0.000158208	48.7668
7.11544e-05	-6.8267
0.00012926	-15.2165
0.000150504	-7.26476
0.00015498	-7.05568
0.000147579	4.27521
0.00013923	2.0575
1.65617e-05	-32.5804
3.38463e-05	-20.503
3.03038e-05	-22.4047
0.000238861	36.0753
0.000150518	-7.71615
0.000145263	6.67826
0.000146255	2.6333
0.000138054	-5.40044
0.000123389	-50.6541
0.00011527	-41.201
9.15758e-05	-24.8361
7.32933e-05	-67.8966
6.94384e-05	-67.6423
5.45849e-05	-16.2285
3.55153e-05	-41.9606
8.56151e-05	-16.3987
4.34024e-05	-11.3342
0.000251038	61.0087
0.000247206	37.9625
0.00019408	-1.94239
8.52123e-05	17.5449
0.000118927	74.332
0.000150324	67.3469
2.53003e-06	24.0989
1.10559e-05	34.0098
1.21599e-05	19.3799
2.04457e-05	22.2577
4.5542e-05	28.1049
5.42598e-05	17.8191
5.22553e-05	67.7577
7.53938e-05	-9.12998
8.47541e-05	13.8767
0.000102062	43.3071
0.000130235	63.0731
0.00015424	11.4557
0.000157963	54.6027
4.03204e-05	-20.94
6.36919e-05	-16.4092
7.141e-05	-26.9536
0.00012079	29.5717
8.85489e-05	-6.84247
8.83558e-05	8.741
7.46703e-05	18.8167
6.46903e-05	58.4096
9.29711e-05	15.1552
5.61411e-05	52.4779
0.000124418	6.23314
1.10617e-05	12.1378
2.71795e-05	15.3288
3.5665e-05	22.6716
4.33579e-05	18.996
6.59378e-05	38.6575
6.91389e-05	40.3455
0.000130756	60.4922
0.000142594	67.0783
0.000135605	60.4101
0.000134138	67.602
0.000142811	65.5468
0.000148507	71.7691
0.000166736	35.0674
0.000165056	40.0915
0.000164101	45.5635
0.000171662	0.162709
0.00018362	62.9522
4.18036e-05	-6.93789
3.32377e-05	15.8791
0.000105353	3.95507
9.52563e-05	-22.4562
0.000143919	-21.1991
0.000173496	3.72943
0.000117051	0.36334
8.44431e-05	0.0883999
1.56699e-05	-20.9302
1.71749e-05	-19.5089
2.1382e-05	-23.9534
0.000156648	15.8239
0.00010988	-4.52123
8.22266e-05	-3.85041
8.11093e-05	-20.3195
7.95082e-05	-16.8502
6.66328e-05	-19.4787
6.68589e-05	-1.17106
2.21532e-05	-37.9377
7.81203e-06	9.83353
3.06179e-05	-25.8281
0.000191406	10.0673
0.000146992	13.4798
0.000121622	-30.6526
8.80618e-05	-15.9353
0.000198355	-25.9441
0.00016317	62.7151
6.94785e-06	48.7299
1.90862e-05	6.34626
1.63015e-05	55.0027
3.96084e-05	35.6096
4.46579e-05	15.1862
5.81492e-05	59.2362
7.21216e-05	38.1714
0.000109022	-12.6967
9.87633e-05	23.4508
0.000134831	3.97369
0.000134111	1.99282
0.000159603	27.4274
0.000156475	31.9675
0.00016639	21.7768
0.000168799	10.9477
4.48842e-05	31.464
6.21058e-05	-16.5699
0.000136237	25.7183
0.00013092	9.62822
1.41595e-05	-18.7879
6.24271e-06	-16.5045
1.78738e-05	39.4119
3.38807e-05	14.4466
4.06048e-05	54.5658
7.37555e-05	64.209
7.39511e-05	68.8057
9.65925e-05	14.9683
9.97885e-05	42.3562
4.01295e-05	-7.25183
2.92601e-05	-24.8196
0.000135366	1.19591
0.000105581	-8.73165
9.27943e-05	-12.376
0.000138101	-11.2215
0.00017857	34.4117
9.66573e-05	12.4619
1.34679e-05	-44.895
5.33118e-05	-20.2504
3.67074e-05	-26.1183
9.20602e-05	3.68616
8.01419e-05	-6.95533
6.90549e-05	-36.7163
3.13824e-05	-28.2102
0.000242647	67.5896
0.000175521	-45.6397
0.000310479	70.2942
0.000118027	1.72663
0.00014295	27.6639
9.7027e-06	91.6348
2.02798e-05	87.6533
3.8829e-05	57.597
4.95312e-05	57.1916
5.09892e-05	76.5386
6.98029e-05	69.3994
8.13655e-05	70.7368
7.65478e-05	44.2359
9.32843e-05	88.9279
0.000109334	-7.465
0.000108602	-15.083
0.000167457	4.0726
0.000177911	42.5355
2.93491e-05	-13.7323
9.49047e-05	-5.96624
0.000108028	-13.045
7.01103e-05	17.9195
6.3185e-05	51.463
6.10432e-05	96.4284
6.69843e-05	109.789
7.29388e-05	37.0096
9.25013e-05	80.5692
0.000169928	84.1086
0.000216196	31.6616
0.000231512	46.4949
4.41332e-05	-16.2475
0.00016669	3.16801
0.000157894	2.17012
5.97152e-05	9.58814
7.61169e-05	-3.11327
0.000151505	21.5253
8.81334e-05	13.2638
9.7994e-05	19.0471
2.70893e-05	-52.6999
3.42471e-05	-50.339
0.000107017	-57.3334
0.000275024	-0.824763
0.000124544	-58.8998
0.000129227	-29.4254
0.000141962	22.0222
0.000144123	60.9167
0.000159783	66.7627
0.000195568	20.8992
9.76507e-05	15.4228
1.82776e-05	73.6148
5.23289e-05	55.6129
5.43534e-05	35.5352
0.000106128	59.1213
0.000114714	76.0933
0.000179465	12.8077
0.00019691	81.6197
0.00018371	41.1819
0.000228326	12.526
7.63994e-05	49.4248
0.000180069	38.9026
8.77662e-05	80.4591
8.01745e-05	99.6602
8.05247e-05	48.319
6.7173e-05	51.4853
0.000103362	98.8045
7.20743e-05	93.5034
0.000177075	41.1071
0.000166704	42.3215
0.000169189	52.3012
5.84298e-05	38.2776
3.65304e-05	55.6712
0.000198198	54.9126
8.45759e-05	-9.13253
0.000153271	-7.35123
0.00017607	44.2398
0.000210603	83.1838
0.000174743	50.8322
0.000161538	9.89437
6.02471e-05	23.04
2.16271e-05	-48.6586
2.76818e-05	-47.4317
2.45977e-05	6.2849
5.90793e-05	-23.8459
8.18273e-05	-4.29675
9.98208e-05	7.67392
0.000111089	38.9156
0.000119012	-13.0895
0.000123394	-1.88122
0.000132771	4.93604
0.000130212	16.3003
0.000134067	-3.54416
0.000141936	-5.98936
0.000164086	-0.156254
4.54728e-05	0.0435795
5.14775e-05	-24.7751
6.13265e-05	-10.933
9.22361e-05	10.7675
6.1869e-05	13.7757
0.000143255	17.3991
0.000192648	54.7235
4.82207e-05	32.5271
4.798e-05	58.1413
4.93233e-05	36.0502
0.000124651	2.67381
0.000141764	28.8534
0.000142855	18.8815
0.000158421	52.963
6.78425e-05	37.3838
0.000134111	-8.9365
0.000172571	54.7473
0.000148974	36.3726
0.00011359	36.4344
8.9717e-05	23.2301
0.000178767	69.0256
0.000172825	-9.19428
0.000133324	43.288
0.000109084	-18.3326
0.00010591	-20.5391
9.57597e-05	14.6348
0.000203281	34.613
7.68738e-05	20.9427
0.000174931	12.9449
0.000135074	12.3083
9.65779e-05	2.17015
5.09151e-05	1.29057
4.12609e-05	-2.74321
9.66172e-05	5.99455
0.000101376	-11.5891
1.11292e-05	10.922
7.06245e-05	-34.1749
0.000106687	-17.4478
0.000154506	45.3121
0.000163034	17.8118
0.000217542	11.8688
2.43283e-05	9.72382
0.000137551	14.3735
6.51053e-05	-43.8819
7.52087e-05	70.7306
0.000128754	-16.7044
0.00015937	21.0231
0.000189499	17.8878
0.000204941	42.6167
4.9e-05	33.2924
0.000150595	23.1923
0.000159896	43.3607
2.65352e-05	18.9326
1.69967e-05	5.07991
2.24197e-05	26.3914
8.56453e-06	-6.33545
4.69433e-05	-2.53393
3.71155e-05	-5.23363
3.52631e-05	-36.0175
0.000237801	27.5278
0.000180224	5.61486
0.000173555	17.0148
0.000171942	29.4513
0.000161806	9.4301
0.000154467	4.22279
0.000105072	16.9667
0.000104023	-18.6683
9.23038e-05	8.56986
6.67385e-05	-10.1511
3.1197e-05	24.3106
0.000266518	97.5918
0.000114661	-3.04296
0.000154091	-8.82499
0.000194401	18.5152
0.000116191	82.4873
7.99707e-05	54.2956
0.000159189	28.3454
0.000108404	84.0199
0.000139075	67.9151
3.39767e-05	-31.7667
0.000208717	17.4925
0.000172406	11.9774
0.000148282	24.1646
0.000139982	38.2762
7.90392e-05	1.22752
0.000208117	58.8355
3.73649e-05	24.6211
3.58133e-05	7.75018
5.71784e-05	-4.30021
5.85258e-05	-18.0255
0.000114615	38.7364
0.000185084	33.5947
0.000164951	26.52
1.64948e-05	0.133127
2.62986e-05	2.39071
2.82878e-05	-5.73922
8.78754e-05	24.9079
0.000115869	-25.2622
0.000151605	2.72753
0.000165394	31.2932
5.29213e-05	49.248
5.20561e-05	25.6011
6.67458e-05	45.2379
4.28224e-05	27.5907
3.78146e-05	21.6671
0.000145831	43.3823
0.000124227	20.7466
9.99673e-05	22.1973
5.8675e-05	-6.76279
5.0317e-05	28.8707
3.95671e-05	9.64973
0.000201134	3.4253
7.23986e-05	52.3964
6.34092e-05	42.0727
0.000212143	63.8565
0.000171431	23.5049
0.000136106	24.748
0.000121238	3.78462
0.000124544	13.9148
0.000115497	10.5917
0.0001079	2.55198
0.000102093	9.34465
0.000104662	9.25923
0.000151802	0.293443
0.000137691	27.1756
0.000151164	35.5301
0.00028227	64.2759
0.000122251	-7.57739
2.00463e-05	-35.144
1.72443e-05	-1.53788
2.19452e-05	10.893
7.54433e-05	36.4196
7.82989e-05	24.7654
0.000105328	24.4913
0.000108639	15.3536
0.00017186	56.2873
4.1639e-05	20.0193
5.16509e-05	42.0469
3.40318e-05	27.1082
4.95334e-05	30.4652
5.18322e-05	15.8573
9.35832e-05	52.9721
0.000124239	67.2528
5.52601e-05	39.9504
6.26258e-05	31.5278
0.000100396	45.9077
7.15991e-05	62.0718
0.000109457	4.8032
9.63092e-05	-17.7137
8.52465e-05	23.3097
5.50974e-05	44.7959
9.53355e-05	-28.0346
5.82344e-05	46.0088
1.43111e-05	2.31024
9.0337e-06	-10.6064
4.5259e-05	-71.4358
9.2922e-05	-51.7821
0.000104097	-17.2025
0.000121505	-39.5669
0.000136566	-10.7658
0.000146245	5.72751
0.000183349	36.3465
4.50697e-05	6.08348
3.12498e-05	-26.5483
4.78221e-05	-36.1765
0.000106822	7.26397
6.12163e-05	-38.7531
9.38722e-05	-41.1592
7.83259e-05	-51.9151
0.000150595	8.91692
2.28626e-05	9.08958
2.10479e-05	21.5877
2.30469e-05	21.5453
1.29745e-05	22.2564
5.77378e-05	-19.4396
0.000225868	44.0117
0.000216399	5.31415
0.000159316	21.772
0.000160411	25.253
0.000137339	-13.8106
0.000132677	3.98964
0.000125822	34.4015
0.000121819	16.227
0.000103803	10.5869
9.73371e-05	-0.311717
8.31807e-05	-30.079
5.40984e-05	28.9179
2.30056e-05	12.657
0.000252682	0.840165
8.88322e-05	42.3928
0.000126404	-6.60838
0.000142186	2.87268
2.22442e-05	26.026
1.20185e-05	20.3324
3.16168e-05	-5.30045
0.000229294	75.8422
0.000191966	52.3007
0.000151373	57.6921
0.000142733	11.6836
0.000146367	2.42041
0.000136675	-4.73438
0.000124544	-39.5263
0.000100226	38.2314
9.1035e-05	31.0028
7.28204e-05	-23.1543
6.30102e-05	25.9955
5.48951e-05	7.75682
5.57638e-05	-16.6969
3.77087e-05	7.15728
2.9899e-05	-0.681038
8.32548e-05	0.243955
5.4134e-05	22.785
8.47505e-05	-28.6504
6.8775e-05	22.3549
0.000148079	20.673
5.78052e-05	33.1836
0.000159473	20.8655
3.51083e-05	-42.2574
5.19033e-05	-58.5535
9.09267e-05	9.35905
8.51918e-05	-23.5738
0.000107434	-27.5481
0.000137444	19.3286
0.000183133	24.0545
0.000132172	14.5422
9.18519e-05	36.1954
0.000190661	70.288
0.000224666	72.7768
0.000222332	71.166
8.91629e-05	75.0713
9.00788e-05	-12.0288
0.000196126	31.8617
0.000157977	14.025
0.000126844	7.81803
0.000122683	-7.69517
1.85151e-05	12.8772
5.68549e-05	-56.8669
8.45434e-05	-63.5432
0.000102047	-38.4813
0.000103307	-27.0606
0.000116373	-22.5648
0.000130748	-14.9336
0.000181834	19.0536
3.19905e-05	-22.7339
2.51212e-05	25.8243
5.06978e-05	-5.87587
8.24243e-05	-40.1926
9.66761e-05	-33.6428
0.000115462	-26.7827
0.000261629	13.0196
0.000189243	28.3579
0.000190507	47.8916
0.000173608	1.06181
0.000157986	-22.001
0.000149577	11.0788
0.000144088	17.5592
0.000102916	2.9133
0.000118737	22.0756
0.000115462	5.80873
0.000101452	6.47446
6.56644e-05	-7.15506
6.19317e-05	41.8275
5.53957e-05	17.9255
0.00021406	-15.3783
0.000104222	-1.54544
0.00014221	-51.4585
0.000125466	-15.4329
8.7583e-05	-13.2275
0.000161013	-19.4697
0.000167964	-21.6167
0.000167718	17.8856
0.000130031	-20.2537
0.000165946	10.9812
6.56509e-05	83.4374
8.15403e-05	57.9459
0.000199487	25.2198
0.000126405	16.454
0.000161806	11.5767
0.000208583	27.0941
2.89994e-05	-16.3554
7.84634e-05	-49.3011
0.000159532	20.3728
0.000198289	59.0845
7.57675e-05	77.1353
0.000149099	23.8636
0.000132207	-22.6807
9.8957e-05	-59.783
9.1031e-05	-66.1065
1.27625e-05	-23.5665
3.94285e-05	-19.1084
7.29718e-05	-33.0104
7.98407e-05	-0.422257
8.56949e-05	-40.8131
0.000110455	-33.4986
0.000115497	0.226591
0.000124646	6.34881
0.000143989	-19.1509
0.000142137	-4.88344
4.00332e-05	-22.7919
0.000103337	-33.9168
0.000125871	-29.7987
5.86212e-05	20.8058
2.95036e-05	-14.9476
0.000266097	12.2807
0.000143966	-23.426
0.000119753	5.00698
0.000111193	-49.9783
8.65234e-05	23.803
7.07212e-05	-48.9551
0.000129984	-12.8794
0.000152451	-27.9326
0.000210576	-7.74241
0.000171203	-19.8677
0.000150269	-30.4394
4.7427e-05	-7.62384
3.04183e-05	4.79108
0.000199818	30.1402
0.000179393	26.5264
0.000161097	-19.8871
0.000161283	10.3992
8.11108e-05	54.6594
7.25296e-05	28.0081
5.36465e-05	4.8257
4.24098e-05	-0.661944
4.68418e-05	10.9176
0.000160451	-14.9904
0.00014717	-31.0808
7.61116e-05	38.3044
0.000170138	-15.363
0.000150647	-3.36344
0.000182309	18.4676
0.000216356	17.9327
0.000234669	36.443
0.000260482	52.2425
1.23153e-05	59.0439
1.46212e-05	28.3126
2.75271e-05	9.2737
3.80922e-05	7.76164
9.1285e-05	47.1845
0.000114217	-46.3959
0.000143026	-41.0549
0.000173663	13.821
6.50728e-05	58.8997
0.000116942	77.3252
0.00010894	108.604
0.000146386	62.1977
9.58632e-05	96.3398
0.000188727	20.9824
0.00012981	-52.6377
6.98282e-05	83.559
6.72515e-05	-36.6533
9.07333e-05	-11.8144
0.000131224	-25.751
0.00020837	22.4709
3.51319e-05	-53.3788
2.8143e-05	-31.9652
0.000104768	-42.7727
6.21006e-05	-34.233
7.78351e-06	3.22215
0.000210257	12.8489
0.000135776	20.2498
0.000121832	7.90386
0.000101411	2.77048
9.70106e-05	47.2158
7.9108e-05	-48.0784
0.000114812	-15.0138
0.000105442	-34.1384
0.000142684	0.917501
0.000214985	-1.90877
1.60074e-05	27.2925
2.21679e-05	71.5692
7.30043e-06	48.8294
4.18894e-05	62.1013
0.000214175	-4.23303
0.000140813	-29.466
0.000105746	44.6893
0.000107616	61.3609
9.896e-05	14.7393
8.98136e-05	13.2125
8.4507e-05	80.3872
0.000137852	-40.3307
0.000201502	-15.9103
0.000155027	-8.16411
0.000189971	63.4566
0.000141521	60.5204
0.0001294	61.8807
0.000107345	60.9608
0.000164361	1.63718
0.000225299	5.56598
0.000160415	17.4366
0.00022839	55.2872
0.000270034	61.0311
4.42322e-05	93.5236
4.85021e-05	81.2337
5.0992e-05	63.8947
0.00010238	-9.82706
0.000114596	-2.03789
0.000114119	-16.213
0.000154805	2.22267
3.50232e-05	92.9403
4.21008e-05	96.3727
3.07051e-05	79.8897
6.35853e-05	29.7322
0.000106556	28.4692
0.000265668	71.7185
5.42169e-05	93.3566
9.09527e-05	51.5979
0.000185627	57.2018
6.1587e-05	93.5477
0.00016045	75.0212
0.000109954	55.9843
0.000214467	28.9906
7.2071e-05	-1.69613
9.30118e-05	-23.5137
0.000117846	33.9375
0.000110175	-44.7068
0.00013954	4.4428
0.000134843	-28.0582
0.000134156	-24.0447
0.000240869	2.94753
0.000231119	18.3201
0.000136948	17.0093
0.0001063	-14.1102
0.000149564	-2.94674
0.000125422	-26.4381
6.2238e-06	94.9104
3.3473e-05	72.0242
0.000166846	15.457
0.00012935	12.0975
0.000134111	9.99634
0.000130636	-9.69062
0.000128943	3.43542
6.5808e-05	59.3755
6.91202e-05	78.9996
5.11323e-05	83.3014
0.000144619	93.1421
0.0002033	-9.77644
0.000114865	57.3675
0.000189921	48.5248
0.000118624	-5.96444
0.000135707	-4.92095
0.000260218	41.7113
0.000294528	47.5021
6.48394e-05	50.5727
1.72967e-05	8.36194
1.13356e-05	-5.97264
2.99364e-05	27.4112
4.15254e-05	46.9537
6.04082e-05	45.4604
5.85642e-05	116.259
8.01563e-05	88.1785
9.50018e-05	23.4228
0.000132103	-3.29
0.000148507	-6.86398
0.000148739	55.1241
0.000177991	7.67858
2.5591e-05	20.6062
4.45895e-05	14.6187
3.26841e-05	-10.4676
3.43732e-05	29.1018
3.38326e-05	25.755
0.000102159	33.565
0.00011424	26.3638
9.51878e-05	-4.0694
0.00016659	50.838
0.000137533	57.7663
2.02042e-05	34.2008
3.46089e-05	26.8797
0.000111551	46.7979
0.0001133	45.5509
0.000123585	57.9479
0.000155408	-28.642
6.49861e-05	11.2865
4.18185e-05	30.8852
3.34869e-05	53.0256
0.000169138	25.5847
0.000166064	19.7126
0.000147002	45.993
0.000149615	1.33027
0.000155027	22.0557
0.000146367	-8.69734
0.000127845	59.9973
0.000164147	-28.9946
2.40277e-05	-2.3726
0.000228925	69.2563
0.000203591	53.0254
0.000139712	44.0746
0.000119742	59.0406
0.000109172	59.9807
6.9754e-05	52.2602
3.88651e-05	45.2062
0.000102348	95.7006
0.000237164	34.244
5.57975e-05	51.0632
9.03875e-05	40.1837
0.000122608	41.3791
7.31962e-05	13.7241
9.70006e-05	35.8741
0.000124501	30.5107
0.000225368	42.1532
1.63311e-05	-17.8455
1.75123e-05	-23.0761
4.49956e-05	17.0651
4.34391e-05	-12.6024
4.55907e-05	2.68532
6.10326e-05	8.10457
6.88225e-05	31.1198
8.39197e-05	46.616
0.000108898	37.8217
3.04889e-05	27.5334
4.0816e-05	3.05531
2.50882e-05	-6.91231
3.3637e-05	6.91855
4.18005e-05	14.6556
4.39111e-05	12.2434
4.58528e-05	21.246
4.89474e-05	31.6129
0.000108961	7.3158
0.00013627	22.8029
0.000228404	6.41812
8.88925e-05	51.852
8.43956e-05	-2.38862
0.00011206	35.9608
0.000119792	-116.423
0.000150647	11.8173
0.00016645	16.9575
0.000174839	15.3636
4.85666e-05	-32.5346
4.2153e-05	49.5551
8.63542e-05	-27.5212
7.10146e-05	-22.065
0.000187173	11.7708
0.000138798	9.17984
0.000137006	29.6939
0.00013301	-2.05321
0.000118949	6.80181
8.57574e-05	-10.8183
0.000104414	-2.98213
0.000183603	-8.32252
0.000112724	-21.5192
7.72771e-05	-39.8785
2.67893e-05	39.4436
3.1829e-05	61.7027
7.10732e-05	30.3833
0.000185529	37.2259
0.000264476	67.2258
5.06692e-05	37.0315
0.000173608	24.776
8.55977e-05	8.82546
0.000190839	25.0099
0.000116224	-0.929655
2.78495e-05	-37.7312
3.59587e-05	-39.9574
4.60816e-05	-33.8771
4.99245e-05	-41.0576
7.90092e-05	-60.1521
7.95405e-05	9.22873
0.000105592	-11.7745
0.000112028	-8.35447
4.83133e-05	50.5391
0.000179987	16.1084
9.28988e-05	6.99405
0.00019385	17.9453
0.000149948	27.6199
7.80392e-05	26.8517
0.000136107	64.8079
0.000146438	32.9316
0.000125968	-6.01921
0.000148909	-19.1284
0.000148234	-3.62835
8.24557e-05	24.4343
7.44987e-05	35.117
7.94041e-05	20.5906
5.9399e-05	-1.5946
0.000216445	62.5191
8.25159e-05	-18.9254
8.46456e-05	-9.00296
0.000163415	49.4139
0.000163226	48.4664
4.30681e-05	52.489
0.000142567	-16.7675
0.000118734	30.8636
0.000108602	-8.49307
5.30026e-05	38.1427
4.7427e-05	13.7599
3.84109e-05	-4.73797
4.74636e-05	-8.51328
5.14063e-05	-4.65011
6.69122e-05	-34.3655
0.000150538	77.3382
8.82565e-05	18.8318
0.000211451	8.96883
6.74792e-05	9.89972
0.000195371	64.5868
0.000142166	42.3244
5.61603e-05	2.81799
0.000308604	59.5046
1.39535e-05	-62.6143
9.58303e-05	20.447
0.000134049	3.35301
0.000169334	8.90712
0.00016184	1.57523
7.93092e-05	-25.3219
8.52938e-05	-52.2923
0.000159416	1.26989
0.000185317	21.5701
7.13142e-05	7.08295
0.000118283	0.678326
0.000148762	14.7157
6.0883e-05	59.2059
8.32548e-05	48.4743
5.9607e-05	-13.9964
0.000222264	5.32349
0.000177037	45.8904
0.000144286	43.682
7.80887e-05	-11.3856
0.000143501	55.9892
9.28292e-05	2.42858
9.48442e-05	52.7947
0.000198924	46.4278
0.000193467	70.3547
0.000175754	44.3239
0.00017518	33.8048
0.000134822	11.2345
0.000127482	-27.0245
7.70161e-05	1.55897
6.49121e-05	35.8989
6.52902e-05	-2.84606
3.32906e-05	36.6741
5.06619e-05	49.8881
8.42078e-05	44.7181
8.7816e-05	23.9182
0.000149286	63.1415
8.34094e-05	22.2807
7.46006e-05	13.4662
4.12216e-05	0.432231
3.35459e-05	-6.22847
2.46181e-05	-26.2823
0.000229617	-16.0419
0.000161811	53.6811
0.000105328	8.18403
9.13266e-05	17.5906
7.64685e-05	10.1446
7.73304e-05	-3.78087
5.61113e-05	54.7191
3.3834e-05	26.2184
9.95225e-05	80.5442
3.03709e-05	-20.194
2.62956e-05	-50.7809
3.98622e-05	-52.1049
6.36606e-05	-44.9487
8.98595e-05	-5.66188
0.000104527	19.8923
0.000106238	17.0482
0.000118266	-4.71608
0.000130227	-1.25109
0.000135848	-19.5321
0.000136137	-31.7763
0.000141367	21.5306
0.000154141	11.2551
0.000164101	-7.49974
0.000187219	-27.0872
4.82161e-05	-40.4443
0.00021063	17.7802
0.000139083	-44.0438
0.00013881	-11.5213
5.26422e-05	-0.374552
6.46862e-05	19.8111
0.000108536	3.09318
9.22116e-06	33.0913
2.41854e-05	-22.6295
4.53614e-05	-53.106
4.52267e-05	-41.1902
8.39567e-05	3.01683
7.50464e-05	-32.526
7.74223e-05	10.4982
9.13142e-05	-21.5433
9.93305e-05	7.63904
0.000105349	30.6147
0.000116231	21.858
0.000162343	53.8206
3.90447e-05	-13.1303
0.000157269	21.2494
9.96908e-05	11.5498
8.27441e-05	74.4562
0.000136771	31.8442
0.000130235	-23.8113
2.08462e-05	87.1777
1.99899e-05	55.1128
1.33252e-05	57.042
3.6347e-05	53.3461
2.84637e-05	86.103
0.000197005	24.8935
0.000130869	-1.47191
0.000134422	-2.19218
0.000109969	1.71633
9.83474e-05	-15.0345
8.94044e-05	-4.50687
8.60691e-05	-17.2572
6.64894e-05	-11.2919
6.15198e-05	-23.185
5.40323e-05	45.6527
0.000135233	35.976
0.000148041	27.5879
6.28221e-05	10.0428
9.29767e-05	-0.711783
8.17947e-05	3.60934
5.83105e-05	10.6638
0.000232288	42.2626
0.000188965	9.42964
0.000161999	41.8624
8.34902e-05	2.18313
9.19937e-05	11.8906
7.56247e-05	-10.5593
0.000158562	-7.63793
0.000156323	27.569
0.00013923	-5.74295
0.000141323	14.7573
0.000124255	-31.1357
9.03547e-05	-39.1168
0.000100101	21.9393
1.73283e-05	38.0576
1.16428e-05	-7.12133
3.10304e-05	34.2694
4.13034e-05	56.9927
8.65225e-05	24.0149
8.50722e-05	8.61955
8.32615e-05	26.1084
7.79553e-05	-47.2083
0.000117416	18.3862
0.000137241	54.4145
0.000151438	-4.19627
0.000197065	-15.9651
2.55332e-05	31.0057
3.52603e-05	37.7876
5.49867e-05	34.1793
3.27149e-05	11.0714
0.000132705	-1.27168
9.54247e-05	2.59773
0.000151263	3.19975
0.000120802	9.30372
2.14541e-05	-19.1393
7.20743e-05	-17.8489
7.40883e-05	-54.9046
8.98857e-05	-82.3804
9.89002e-05	-19.9191
9.6593e-05	-19.5081
0.000104753	-48.2152
0.000102135	-6.16686
0.00011543	-48.2569
0.000131529	14.3003
0.000137545	-17.1283
0.000158638	-13.6794
7.17745e-05	17.8234
8.49794e-05	30.4231
0.000110333	-47.7144
6.05049e-05	16.4552
2.37681e-05	-8.93402
1.82568e-05	-3.3866
4.42325e-05	-9.28636
4.61816e-05	-47.2116
0.000150597	-5.71426
0.000142068	-12.8058
9.58095e-05	-14.8486
7.90394e-05	-35.702
9.02292e-05	-4.28142
9.53338e-05	-20.053
7.32252e-05	12.1159
4.34287e-05	8.53295
0.00013739	-4.82858
0.000144276	-0.18618
0.000154543	27.6834
4.54976e-05	3.7398
3.55968e-05	52.5089
0.000168683	6.53491
0.000148796	19.2989
0.000142186	-5.74958
0.000126873	-50.9887
0.000103768	-59.1661
9.01611e-05	-15.0005
4.90796e-05	7.362
2.4523e-05	31.9816
9.47738e-05	-10.7252
0.000230475	52.7568
7.68229e-06	-9.48706
3.27911e-05	21.4173
6.19116e-05	8.36735
0.000108672	16.4033
0.000117865	22.267
0.000123417	30.387
0.000134142	49.2765
0.000140581	54.3498
0.000150637	-5.39691
0.00017463	42.9967
0.000200021	42.0269
4.13889e-05	34.8391
4.95052e-05	22.4537
6.17294e-05	26.2704
0.000105782	-28.4777
7.94608e-05	-5.10306
9.6499e-05	-5.7201
8.64666e-05	-20.1773
0.000121797	13.9783
5.50975e-05	5.46377
0.000145779	22.647
0.000211416	52.0207
0.000200226	36.7791
0.000243796	48.6144
2.43424e-05	-33.1811
5.05323e-05	-4.57188
6.10777e-05	-61.9487
7.5662e-05	-59.0265
9.39572e-05	-62.6165
9.04152e-05	-6.84274
0.000128797	18.3574
0.000133693	30.6272
0.000149237	45.4187
0.00016826	53.2349
0.000185009	62.3939
0.000173608	11.0939
0.000177869	3.85433
3.0057e-05	-35.2575
9.3146e-05	31.5926
6.92218e-05	1.86593
0.0001546	5.0606
0.000125011	41.1688
0.000140072	13.2715
8.31708e-05	30.5799
6.97602e-05	18.8038
0.000117507	56.9358
5.76311e-05	-8.85146
0.000139123	28.4241
0.000144276	37.6476
1.58919e-05	-67.819
0.000112649	-63.1361
8.98826e-05	-37.0848
7.65859e-05	-53.8224
3.51393e-05	-67.7812
4.27655e-05	-31.1156
0.000269512	63.9276
0.000139093	5.97052
2.76791e-05	12.402
1.10987e-05	6.53361
2.65596e-05	2.01898
0.000203417	51.8964
0.000154952	18.1144
0.000141706	64.5958
0.000129163	47.0866
0.000105331	43.2864
0.000104843	3.13151
9.43414e-05	38.9365
4.40915e-05	15.73
2.99981e-05	12.8711
0.00015231	-22.9155
5.58882e-05	39.2909
5.15913e-05	10.5122
2.45977e-05	6.2849
5.90793e-05	-23.8459
8.18273e-05	-4.29675
9.98208e-05	7.67392
0.000111089	38.9156
0.000119012	-13.0895
0.000123394	-1.88122
0.000132771	4.93604
0.000130212	16.3003
0.000134067	-3.54416
0.000141936	-5.98936
0.000164086	-0.156254
4.54728e-05	0.0435795
5.14775e-05	-24.7751
6.13265e-05	-10.933
9.22361e-05	10.7675
6.1869e-05	13.7757
0.000143255	17.3991
0.000192648	54.7235
4.82207e-05	32.5271
4.798e-05	58.1413
4.93233e-05	36.0502
0.000124651	2.67381
0.000141764	28.8534
0.000142855	18.8815
0.000158421	52.963
6.78425e-05	37.3838
0.000134111	-8.9365
0.000172571	54.7473
0.000148974	36.3726
0.00011359	36.4344
8.9717e-05	23.2301
0.000178767	69.0256
0.000172825	-9.19428
0.000133324	43.288
0.000109084	-18.3326
0.00010591	-20.5391
9.57597e-05	14.6348
0.000203281	34.613
7.68738e-05	20.9427
0.000174931	12.9449
0.000135074	12.3083
9.65779e-05	2.17015
5.09151e-05	1.29057
4.12609e-05	-2.74321
9.66172e-05	5.99455
0.000101376	-11.5891
5.38056e-05	10.2332
5.64973e-05	46.2832
0.000114815	20.7886
0.000110876	5.95613
0.000171937	51.5381
0.000103314	52.0273
0.000164036	10.9101
0.000137907	4.84692
0.000166486	28.3575
0.000154921	31.5083
0.000225975	33.2422
2.26311e-05	22.0766
2.01141e-05	5.63348
3.46521e-05	33.3218
4.73232e-05	43.1838
0.000190501	53.9811
0.000263691	52.5359
0.000117766	-24.7331
8.73107e-05	-19.3552
6.5172e-05	33.1641
7.29222e-05	-20.2191
7.81045e-05	-20.1201
0.000136005	21.352
6.38986e-05	-21.6451
9.13559e-05	57.1331
3.90919e-05	42.2069
0.000149313	22.3656
0.000145215	-16.4816
0.000129788	-11.7676
8.84058e-05	15.8655
0.000102093	-18.8732
2.36826e-05	45.7749
4.23413e-05	67.0229
6.01393e-05	57.3114
6.80135e-05	58.3712
0.000130128	12.042
0.000110648	62.8187
0.000174416	-4.46265
0.000106166	0.401542
9.83881e-05	1.79155
6.01668e-05	44.6521
0.000106948	50.0848
7.11875e-05	34.5099
0.000148216	22.8231
0.000113391	82.86
5.32494e-05	-24.951
6.32726e-05	-40.5694
2.44338e-05	-0.0925107
5.19527e-05	-68.0897
0.000149326	-2.15157
0.000166721	-9.31089
0.00017753	29.201
0.000122239	48.3711
0.000207839	60.3449
6.605e-05	-31.3724
7.91644e-05	-20.5743
1.13153e-05	-76.6728
3.9902e-05	18.9654
4.08899e-05	-18.6268
7.78297e-05	31.107
0.000131743	36.4238
0.000180046	43.4317
0.000185222	26.9883
0.000197106	77.2984
0.000115062	21.2677
0.000132597	-18.698
7.11811e-05	-16.5558
0.000116524	-4.82112
6.16409e-05	38.5553
0.000253539	51.5716
0.000235827	44.8478
0.000215382	49.665
0.000250252	57.7156
9.8951e-05	46.6694
4.00396e-05	40.8782
0.000165944	24.1884
0.000161181	13.0637
0.00013834	22.9517
7.88415e-05	30.0996
6.7607e-05	44.0829
0.000140208	21.2201
0.000126067	55.4101
0.000111396	40.2669
7.87032e-05	-8.35651
9.13281e-05	-20.7244
9.74399e-05	21.8635
7.94115e-05	31.1197
1.81138e-05	1.05061
1.98215e-05	-4.42313
3.50621e-05	6.84252
3.63921e-05	27.3909
6.1771e-05	-3.26312
8.065e-05	5.60802
8.14162e-05	-36.9724
8.93361e-05	5.94783
9.07923e-05	-19.5667
0.000168767	22.9596
4.88484e-05	0.0752302
2.8723e-05	15.8794
5.43169e-05	10.4867
0.000112181	40.4709
0.000191102	46.8001
0.000158367	35.3442
0.000220026	43.4681
0.00023933	-3.57871
7.56611e-05	5.38103
0.000191336	64.1107
0.000185569	4.82634
0.000220974	38.2625
0.000248158	5.81234
0.000174888	14.0928
9.56557e-05	53.1854
7.61719e-05	29.8064
6.12998e-05	17.4882
0.000206508	-10.468
0.00016692	-49.6291
0.000248944	47.0228
0.000144973	8.44898
0.000149578	4.23118
0.000234669	99.7695
0.000234643	107.57
4.28263e-05	-30.0534
0.000152297	38.9944
0.000121733	6.8415
0.000119039	-26.0165
0.000119049	-3.26629
7.98964e-05	24.2404
5.88971e-05	-13.1329
2.50863e-05	-9.28423
0.000108419	-31.2068
0.000184101	-0.689938
6.90212e-05	42.063
5.28578e-05	23.7978
0.00017639	23.3532
0.000164101	8.14734
4.6833e-05	7.51373
4.82979e-05	21.3309
4.20216e-05	-6.37927
0.000187102	12.6895
0.000180146	39.798
0.000130288	75.9481
0.000136065	4.57327
0.000116774	43.3015
0.000116797	48.0854
9.84594e-05	-8.20238
9.46312e-05	-16.5557
8.02658e-05	1.28041
8.74615e-05	-7.52417
6.37274e-05	3.19207
5.93525e-05	6.92373
2.79479e-05	8.38309
2.82631e-05	11.556
7.70444e-05	13.4051
0.000126199	26.94
2.45977e-05	6.2849
5.90793e-05	-23.8459
8.18273e-05	-4.29675
9.98208e-05	7.67392
0.000111089	38.9156
0.000119012	-13.0895
0.000123394	-1.88122
0.000132771	4.93604
0.000130212	16.3003
0.000134067	-3.54416
0.000141936	-5.98936
0.000164086	-0.156254
4.54728e-05	0.0435795
5.14775e-05	-24.7751
6.13265e-05	-10.933
9.22361e-05	10.7675
6.1869e-05	13.7757
0.000143255	17.3991
0.000192648	54.7235
4.82207e-05	32.5271
4.798e-05	58.1413
4.93233e-05	36.0502
0.000124651	2.67381
0.000141764	28.8534
0.000142855	18.8815
0.000158421	52.963
6.78425e-05	37.3838
0.000134111	-8.9365
0.000172571	54.7473
0.000148974	36.3726
0.00011359	36.4344
8.9717e-05	23.2301
0.000178767	69.0256
0.000172825	-9.19428
0.000133324	43.288
0.000109084	-18.3326
0.00010591	-20.5391
9.57597e-05	14.6348
0.000203281	34.613
7.68738e-05	20.9427
0.000174931	12.9449
0.000135074	12.3083
9.65779e-05	2.17015
5.09151e-05	1.29057
4.12609e-05	-2.74321
9.66172e-05	5.99455
0.000101376	-11.5891
