1.88892e-05	297.806
1.39197e-05	335.002
1.85951e-05	279.943
2.28258e-05	278.715
3.99128e-05	216.921
3.93034e-05	196.754
4.97128e-05	191.082
6.32383e-05	212.149
0.000126746	269.782
0.000168341	296.584
0.000250246	201.623
0.00027645	241.854
2.60308e-05	219.235
0.000114495	311.088
0.000164011	211.305
0.000146059	304.758
0.000112738	314.319
0.000192753	289.713
0.000227153	256.401
7.2344e-05	324.373
0.000148052	299.64
0.000184625	318.154
0.000241691	299.543
0.000236148	251.543
0.000240495	260.805
0.00016645	328.05
0.000179335	274.084
0.000281565	240.299
0.000203416	325.138
2.32834e-05	231.518
2.92706e-05	244.666
2.98365e-05	272.492
2.85794e-05	267.735
4.08002e-05	252.116
5.60889e-05	233.39
0.000125404	206.489
4.03066e-05	261.763
8.75228e-05	271.936
2.61676e-05	311.211
4.46629e-05	302.483
0.00016207	304.053
0.000161806	313.597
0.000157717	327.532
0.000118793	305.366
7.45347e-05	363.371
2.83053e-05	276.363
0.000128353	351.127
7.88549e-05	292.927
0.000118471	365.434
0.000159511	271.932
0.000142961	282.607
5.64951e-05	308.463
0.000150918	270.279
0.000146367	272.85
2.38984e-05	319.935
2.53052e-05	277.415
4.19824e-05	362.349
3.17226e-05	356.639
0.000210704	211.212
0.000139258	251.631
0.000139122	176.033
0.000115422	348.414
8.84408e-05	316.312
4.04566e-05	329.309
0.000161022	258.971
5.40718e-05	327.525
0.000122251	275.128
7.51951e-05	317.446
6.38865e-05	337.855
8.3741e-05	344.23
1.95743e-06	297.922
9.8669e-06	294.471
2.48549e-05	281.388
2.83196e-05	246.861
6.82746e-05	264.476
6.68517e-05	163.058
7.94877e-05	261.295
9.95446e-05	190.317
0.000156022	273.377
0.000164695	282.192
4.42798e-05	327.646
0.000159958	268.498
0.000106351	339.245
0.000126467	320.054
0.000190001	332.544
0.000225228	310.758
0.000121036	265.928
0.000138553	305.773
8.74002e-05	296.08
8.71778e-05	272.655
5.88715e-05	261.696
3.41078e-05	245.125
4.02837e-05	241.556
7.35283e-05	154.258
0.000123953	184.015
0.000126859	203.45
0.000135711	290.57
0.000215506	146.774
0.000168033	147.567
2.56167e-05	324.47
4.90749e-05	324.885
3.07404e-05	289.052
3.24674e-05	276.327
0.000204941	156.614
0.000198059	219.517
0.00015871	355.676
0.000150509	354.744
0.000143532	357.933
0.000137068	347.958
0.000130213	367.205
0.000120223	253.437
0.000116681	334.119
0.000112759	320.257
0.000100049	272.918
9.89327e-05	306.626
8.2978e-05	323.528
7.10476e-05	326.41
6.5789e-05	366.776
5.55192e-05	334.923
3.62203e-05	265.021
0.00012026	352.918
0.000148046	336.017
7.57396e-05	292.222
0.000131524	242.609
0.000112699	312.142
0.000156312	237.485
0.000128943	241.928
0.000118241	323.35
0.000114988	328.953
9.28292e-05	288.018
6.15644e-05	325.835
6.95786e-05	284.151
6.16147e-05	330.814
0.000124083	278.327
0.000128308	328.919
0.00023584	185.812
0.000136802	303.454
0.000145322	290.686
2.23024e-06	318.129
1.46744e-05	281.507
2.87906e-05	281.267
1.79107e-05	295.74
1.53478e-05	328.688
3.8468e-05	243.025
4.81285e-05	277.42
6.50122e-05	239.202
0.000100722	228.812
0.000108387	330.88
0.00010495	344.876
0.000130041	327.306
0.000298507	159.528
0.000114452	251.632
7.5987e-05	237.341
0.000164406	257.141
3.2254e-06	339.24
1.12595e-05	304.091
1.01762e-05	299.033
7.99252e-05	174.957
0.00013309	164.407
0.00014391	165.147
0.000162655	125.572
0.000170499	141.321
0.000238245	194.105
4.34054e-05	272.72
3.35784e-05	248.119
4.11062e-05	380.958
0.000140786	350.393
0.000131472	248.441
0.000107051	282.257
0.000130212	218.178
0.000116497	315.415
0.000114918	293.674
8.41221e-05	325.441
6.89298e-05	298.284
7.4004e-05	362.898
7.41152e-05	360.85
6.79482e-05	377.775
6.79563e-05	318.068
8.80551e-05	273.043
0.000225367	300.759
0.000222331	319.333
0.000213428	336.777
0.000201713	331.899
0.000173549	304.582
0.000151543	311.816
9.5498e-05	220.898
2.1029e-05	289.564
1.11319e-05	284.212
1.29026e-05	262.928
3.03137e-05	293.686
0.000176562	251.781
0.000174615	191.984
0.000162169	244.446
0.000157358	212.831
0.000139342	289.215
0.00012763	278.615
0.000115511	261.656
0.000119736	311.092
0.000105328	282.586
7.3311e-05	296.761
5.83375e-05	286.535
5.33595e-05	303.417
0.000132162	320.487
0.000131924	330.339
1.50998e-05	357.428
2.38337e-05	340.9
3.95101e-05	217.672
4.35554e-05	231.373
4.65351e-05	222.385
5.19654e-05	230.179
5.55013e-05	222.683
6.32471e-05	178.95
7.52336e-05	227.712
7.56353e-05	196.729
8.2209e-05	192.36
8.9555e-05	189.028
0.000106001	164.161
5.91776e-05	291.509
6.82011e-05	277.079
8.86826e-05	314.202
0.000123302	332.919
0.000123322	312.659
0.000143768	302.689
0.000157513	280.694
0.00014914	294.872
0.000107487	209.266
0.000123997	212.613
5.32923e-05	259.856
7.43413e-05	198.825
0.000104916	177.423
0.000143827	168.846
2.10245e-05	338.443
4.98877e-05	353.634
5.26425e-05	347.162
3.27486e-05	284.197
0.000125875	175.815
9.43446e-05	270.324
6.75209e-05	328.452
6.46919e-05	325.317
4.94781e-05	364.324
5.27605e-05	368.355
3.85081e-05	315.843
3.4852e-05	334.787
0.000184272	272.966
0.000155584	221.475
0.000143827	261.41
0.000143239	242.797
0.000122893	249.768
0.000134786	286.69
0.000117493	252.064
0.00010931	292.707
9.22933e-05	285.158
8.07522e-05	286.312
8.24618e-05	294.543
6.84735e-05	384.669
6.20816e-05	357.423
5.34058e-05	364.902
5.71265e-05	353.853
0.000199342	282.568
0.000233297	318.228
0.000183892	290.601
0.000151757	326.214
5.96225e-05	347.931
0.000164183	304.81
0.000109641	238.693
0.000104586	193.798
2.75747e-05	303.197
1.5086e-05	313.031
1.07861e-05	262.607
5.30269e-05	294.417
4.70714e-05	323.671
0.000157113	216.064
0.000151301	178.317
0.000148935	204.439
0.000128799	275.642
0.000123167	288.709
0.000119066	283.321
8.18057e-05	308.542
6.59956e-05	330.089
4.14104e-05	292.091
9.8895e-05	252.348
9.81223e-05	258.996
9.13327e-05	296.141
5.23446e-05	301.831
0.000111548	300.167
3.12788e-05	324.917
3.49763e-05	312.063
8.75557e-05	311.397
0.000132916	158.973
0.000168268	213.801
0.000191126	247.962
0.000130949	302.117
7.94311e-05	350.028
0.000184831	282.135
0.000205615	256.548
0.000105328	326.746
4.39194e-05	245.373
4.33121e-05	270.279
4.6715e-05	248.252
4.60923e-05	257.569
7.66335e-05	228.519
9.02051e-05	168.05
9.76657e-05	218.632
0.000102093	194.321
0.000135479	114.26
0.000106432	242.965
7.80367e-05	256.79
7.44299e-05	217.874
0.000108606	198.44
2.29092e-05	400.731
0.000125877	214.59
0.000122692	269.33
0.000115625	220.419
8.82477e-05	282.448
7.53375e-05	325.228
7.45188e-05	279.991
5.03568e-05	368.706
5.42941e-05	339.403
3.06354e-05	358.199
0.000299201	272.364
0.000248926	320.826
0.000210841	315.549
8.05737e-05	317.882
0.00013341	323.122
0.000201741	287.757
0.000147576	301.71
0.000201042	214.874
9.58632e-05	276.171
8.62158e-05	252.003
7.57459e-05	330.746
6.82395e-05	325.971
3.76201e-05	396.611
5.19137e-05	372.385
5.72058e-05	329.867
6.43237e-05	383.528
0.000203098	266.263
8.35047e-05	342.356
2.60636e-05	313.062
7.76351e-06	330.957
9.64852e-05	256.642
9.41732e-05	367.79
0.000101353	371.972
0.000102093	238.948
0.000113146	366.968
0.000146722	311.798
0.000203141	129.948
4.43325e-05	318.303
0.000137333	367.363
0.000177512	295.882
0.000134111	357.575
0.000142186	308.884
0.000135507	299.344
7.84954e-05	445.658
6.27445e-05	408.602
0.000137081	341.854
0.000138121	366.186
0.000155062	362.684
0.000157801	302.356
0.000162836	321.201
1.54541e-05	318.268
1.50785e-05	338.02
4.59667e-05	224.095
4.54424e-05	228.125
9.50524e-05	193.524
0.000147952	274.423
0.000133294	264.838
0.000131167	305.368
0.000125599	210.534
0.000104649	273.266
0.000110495	266.44
9.68057e-05	280.258
9.73891e-05	309.927
9.23497e-05	194.704
9.28292e-05	291.987
8.60107e-05	283.347
3.81717e-05	338.543
0.00018954	291.308
0.00017856	310.618
7.12223e-05	334.129
0.000141503	323.302
0.000196446	198.513
0.000246721	209.804
0.000132556	215.096
0.000132175	229.716
0.000115224	218.554
8.5716e-05	261.616
6.06897e-05	292.152
0.000102062	279.675
7.34023e-05	296.938
8.19824e-05	296.772
0.000104843	304.415
0.000124207	304.284
0.000124544	343.436
0.000161806	275.448
9.484e-05	338.45
0.000102516	339.128
3.99225e-05	393.977
3.99001e-05	397.052
6.13232e-05	345.301
9.57488e-05	219.508
0.000117273	221.592
0.000181263	243.124
0.000190182	254.589
3.47463e-05	358.275
3.86002e-05	358.603
6.00393e-05	374.213
0.000143579	296.46
0.000155062	334.102
0.000148932	367.1
8.45376e-05	423.306
8.98826e-05	426.856
0.000120741	403.831
0.000158016	352.381
3.56029e-05	346.352
0.000166626	150.916
3.12579e-05	366.906
2.86068e-05	353.716
2.65739e-05	375.767
0.000225654	268.665
0.000180222	262.371
0.000145054	300.412
0.000136106	258.248
0.000129111	277.811
0.000128807	281.191
0.000122233	303.154
7.86005e-05	340.539
7.0847e-05	307.982
6.98507e-05	331.528
4.80144e-05	241.031
3.68651e-05	246.64
2.58639e-05	323.507
7.52436e-05	361.893
0.00033188	281.409
0.00030278	291.987
0.000315997	251.382
0.000107091	353.571
0.000128338	281.281
0.000103027	260.056
1.73152e-05	380.889
3.19307e-05	367.325
0.000129518	194.788
8.89318e-05	230.062
7.6866e-05	224.344
7.92468e-05	276.834
6.85394e-05	226.591
6.60632e-05	272.125
5.00392e-05	341.921
0.000100737	238.85
0.000123108	219.585
0.000139659	207.873
0.000193883	200.313
0.00010747	254.758
0.000112701	273.313
0.000123918	230.032
0.000156297	247.853
0.000137462	350.755
0.000106833	370.339
3.26576e-05	316.532
3.94312e-05	397.484
5.89671e-05	339.94
6.15783e-05	320.887
6.33711e-05	321.311
7.08497e-05	295.706
8.02416e-05	250.254
0.000119155	332.514
0.000153569	273.453
0.000143662	163.389
0.00014861	196.945
0.000159866	199.109
0.000168756	218.586
0.000172927	242.831
0.000181554	221.878
3.64725e-05	368.33
2.69863e-05	396.235
8.76958e-05	376.27
0.000214083	283.986
0.00014431	347.015
0.000184624	314.867
0.000198768	306.672
0.000182715	232.188
9.38453e-06	348.475
2.26529e-05	364.694
2.55577e-05	351.347
5.1722e-05	365.131
7.7677e-05	367.461
4.67421e-05	343.314
0.000100004	286.491
7.35293e-05	251.477
7.19139e-05	294.28
2.56347e-05	335.928
4.79141e-05	343.029
0.000171287	245.437
0.00017355	182.788
0.000159462	210.755
0.000153172	236.753
0.000134137	281.77
0.000114522	325.978
0.000127978	273.803
0.000128308	277.321
0.000124543	300.758
0.000119069	283.633
0.000106112	299.003
0.000106983	368.717
0.00010124	305.51
9.57975e-05	297.381
7.65367e-05	283.691
6.29836e-05	354.512
6.15789e-05	370.971
5.62177e-05	306.135
0.000224403	266.418
0.000198838	269.065
0.000178531	266.78
0.0001722	297.096
5.87988e-05	289.373
0.000186149	273.503
2.78155e-05	353.254
2.50891e-05	342.513
1.82338e-05	338.209
3.24786e-05	329.269
0.000110274	236.778
8.82282e-05	261.583
8.93862e-05	277.652
6.50617e-05	260.59
5.8088e-05	253.655
0.000209634	177.796
0.000114091	200.922
0.000114191	228.649
0.00011202	250.396
0.000145742	226.99
0.000153972	299.977
0.000187702	234.456
2.70942e-05	359.41
5.69343e-05	369.311
6.71615e-05	272.58
9.72479e-05	151.862
0.000127514	280.792
0.000141417	252.491
0.000175231	232.606
2.98998e-05	359.575
6.67852e-05	329.747
0.000126404	293.536
0.000157044	293.693
0.000209698	296.974
9.54446e-05	341.156
0.000166311	315.43
0.000351573	208.472
0.000124362	296.182
0.000244993	296.708
0.000164063	244.264
6.72442e-05	376.619
0.000112607	198.225
0.000154138	339.377
4.54901e-05	335.371
2.38523e-05	339.266
5.39759e-05	341.999
0.000125399	326.161
0.000101172	293.895
7.14179e-05	333.307
0.000111549	329.18
9.75975e-05	325.286
0.000124243	203.602
7.29546e-05	372.615
0.000111366	179.258
2.40785e-05	317.803
5.04538e-05	318.145
0.000299855	264.135
0.000287162	263.279
0.000171489	245.334
0.000158218	281.914
0.000157541	149.538
0.00012313	267.076
8.46205e-05	345.146
7.07101e-05	338.531
0.000166451	254.304
0.000256441	241.177
0.000206369	261.441
0.000136477	243.747
8.7468e-05	280.857
0.000103871	246.908
0.00012396	231.327
0.000178028	221.834
4.20837e-05	293.051
3.49662e-05	275.141
0.000112691	273.097
9.87261e-05	276.754
9.13681e-05	206.386
8.13879e-05	293.993
7.50994e-05	202.356
3.36847e-05	278.432
8.46838e-05	212.766
0.000191822	186.762
7.10619e-05	301.733
0.00021052	180.779
9.64143e-06	312.543
3.75067e-05	378.383
5.41892e-05	419.763
5.66968e-05	285.758
6.47807e-05	388.649
6.838e-05	283.561
8.34404e-05	300.332
9.11622e-05	313.895
0.000194458	239.059
0.000190838	280.832
0.000208859	228.441
3.77864e-05	329.21
4.57013e-05	331.652
3.48623e-05	325.204
6.88908e-05	333.611
0.000171953	212.825
0.000257031	230.528
5.78108e-05	326.332
0.000272095	276.468
5.82985e-05	338.257
0.000279997	279.456
0.000168831	250.035
0.00028576	285.571
7.62937e-05	315.797
0.000181894	284.382
0.000129272	268.601
1.77493e-05	281.532
0.00011202	206.733
0.000113557	233.635
0.000115518	327.443
0.000126943	291.01
0.000136539	213.712
0.000138101	339.005
4.74064e-05	338.65
3.04829e-05	336.198
5.76512e-05	392.64
9.75076e-05	303.477
7.03799e-05	318.162
7.60972e-05	281.156
1.8021e-05	309.893
3.16647e-05	282.473
2.60157e-05	306.518
8.03989e-05	303.47
8.06252e-05	322.524
6.19494e-05	326.438
5.27482e-05	269.394
0.000106593	323.533
0.000128913	277.214
0.000198589	234.739
0.000152235	248.434
0.000214808	205.866
0.000184273	214.158
8.9821e-05	225.666
8.38482e-05	307.121
8.69774e-05	242.176
7.40959e-05	194.491
6.86106e-05	201.389
6.54509e-05	298.95
5.20402e-05	260.491
3.53799e-05	333.99
6.71301e-05	162.164
0.000210459	189.199
0.000204981	208.318
1.76951e-05	322.409
2.30866e-05	390.917
4.51266e-05	395.84
3.02805e-05	362.614
3.16555e-05	343.706
4.02761e-05	363.258
5.31971e-05	395.303
5.20058e-05	358.554
6.59153e-05	389.429
6.41556e-05	356.307
7.65543e-05	363.44
8.69476e-05	313.028
9.18052e-05	354.82
0.000103018	336.75
0.000133448	340.802
0.000141809	287.413
0.000147632	344.047
0.000147632	337.705
0.000142186	342.421
0.000149047	291.337
0.000149921	344.699
0.000161885	315.413
0.000171897	315.424
0.000172233	333.257
0.00016407	293.473
0.000181288	316.224
0.000220843	281.418
0.000349737	145.269
2.51887e-05	303.178
7.25386e-05	282.684
0.000144584	197.998
0.00015074	244.465
0.000235223	274.524
0.000271193	276.104
1.3233e-05	336.548
1.69727e-05	339.909
1.55635e-05	340.368
5.55162e-05	306.326
6.93137e-05	191.372
7.9726e-05	275.538
9.11751e-05	301.578
0.00010707	204.299
0.000113711	275.405
0.0001464	350.874
0.000204332	213.043
5.5623e-05	378.658
0.000133787	250.918
7.25135e-05	370.766
0.000178086	151.759
8.36551e-05	351.786
8.29434e-05	302.049
2.55798e-05	328.849
1.94064e-05	303.582
3.9151e-05	301.602
0.000166389	307.109
0.000149693	330.341
0.000156522	241.049
0.000126853	270.4
0.000124458	319.786
0.000100032	334.845
0.000111738	272.105
9.62553e-05	321.134
9.29702e-05	309.345
8.91881e-05	288.256
8.58855e-05	278.053
6.43975e-05	294.856
5.83088e-05	319.988
0.000220137	236.646
9.44497e-05	275.335
0.000170561	232.737
0.000110198	270.481
0.000100961	284.483
7.4568e-05	386.022
1.89528e-05	304.016
5.26971e-05	276.832
0.000100079	253.632
3.17992e-05	274.139
5.72057e-05	169.763
0.000205227	199.554
3.28976e-05	338.228
7.38739e-05	354.469
6.24503e-05	325.658
6.64442e-05	260.319
7.16815e-05	320.634
0.00010559	320.532
0.00011186	234.829
0.000139346	279.994
0.000187263	296.008
5.58061e-05	135.594
0.000353504	166.518
0.00015635	197.005
0.000171085	265.873
3.25394e-05	369.862
5.31628e-05	355.2
4.59838e-05	368.13
6.032e-05	360.936
7.43251e-05	293.942
6.94966e-05	365.484
9.75935e-05	320.276
9.93988e-05	372.165
0.000104661	317.591
0.00013224	324.431
0.000127184	326.782
0.000134755	269.648
0.000142186	283.364
3.79091e-05	361.814
4.43709e-05	374.179
2.62185e-05	355.237
0.000112416	267.096
9.48097e-05	345.476
6.34315e-05	395.569
9.88649e-05	330.708
9.58453e-05	308.466
0.000119008	236.566
7.81815e-05	290.424
0.000101427	221.504
3.87243e-05	379.708
0.000282379	233.197
0.000202945	257.039
0.000209373	209.482
0.000169164	313.935
0.000142232	367.733
0.000124189	296.411
0.000113056	274.246
0.000110334	260.296
9.60367e-05	272.001
7.8188e-05	283.955
0.000208717	299.09
0.000167233	291.664
0.000159483	272.024
7.92366e-05	382.522
7.65475e-05	407.587
5.75765e-05	362.315
4.63831e-05	190.201
0.000132794	173.642
0.000116118	208.669
9.32434e-05	183.964
6.7593e-05	159.987
0.000192877	202.7
0.000162589	224.342
2.22324e-07	281.72
2.81654e-05	281.845
3.41642e-05	259.193
3.3247e-05	294.772
3.85743e-05	255.002
5.92423e-05	297.732
6.44489e-05	226.186
7.30664e-05	274.864
9.45483e-05	307.383
0.000107291	275.503
0.000140941	286.601
0.000176771	298.082
0.000191706	263.042
0.000232987	268.911
0.000258059	201.171
0.000273597	188.59
2.75683e-05	214.848
4.43442e-05	200.403
4.53325e-05	245.813
0.000197921	242.293
0.0001887	263.89
6.70695e-05	182.226
9.25348e-05	141.777
5.88036e-05	217.728
0.000187719	292.026
1.54265e-05	319.029
3.78458e-05	316.254
4.32445e-05	335.69
4.68162e-05	313.731
5.31566e-05	338.734
5.36308e-05	314.32
6.08034e-05	316.683
7.68271e-05	366.423
8.02173e-05	291.544
8.14076e-05	339.326
0.000121222	284.724
0.000127406	326.446
0.000139023	315.25
0.000135445	260.034
0.000164078	261.409
2.52484e-05	332.095
4.48665e-05	340.878
0.000186456	211.736
5.52475e-05	356.608
6.43961e-05	358.833
0.000109153	277.871
0.000110413	254.243
8.55977e-05	304.322
1.85193e-05	269.298
4.41627e-05	323.461
0.00021939	278.234
4.2221e-05	309.066
4.13211e-05	381.302
3.58154e-05	376.685
0.000104436	358.882
0.000123481	369.574
0.000216325	203.573
0.000212921	264.542
0.000138917	272.261
6.2532e-05	392.465
0.000112598	356.328
0.000129647	247.404
0.000103175	349.518
7.32648e-05	362.393
2.00753e-05	215.67
7.65172e-05	184.371
5.93442e-05	162.675
1.90309e-05	272.895
1.96909e-05	273.637
3.76157e-05	227.468
4.9395e-05	231.293
0.000123955	317.368
0.000143863	242.999
0.000149917	247.659
0.000173908	247.704
0.000216269	159.691
0.000231346	294.214
0.000200674	246.234
0.000187462	239.114
0.000198007	260.287
7.48041e-05	176.879
4.85859e-05	318.293
5.50975e-05	344.081
5.57766e-05	340.631
7.43694e-05	338.225
7.27673e-05	328.343
8.5375e-05	331.23
8.5298e-05	297.54
0.000134004	284.497
0.000154758	307.688
0.000141761	299.924
0.000163542	273.884
0.000176069	289.381
3.68816e-05	349.428
4.33427e-05	322.086
4.79579e-05	359.577
0.000125961	253.181
0.00014711	270.43
0.000170562	266.772
8.52702e-05	319.877
2.72875e-05	270.189
1.83731e-05	236.818
5.04005e-06	269.698
3.756e-05	186.724
0.000189628	327.22
0.000131395	337.761
9.68745e-05	270.361
8.75061e-05	259.639
0.000202204	313.47
9.28292e-05	335.678
0.000210603	280.768
0.000181554	218.275
0.000138101	269.079
0.000130911	263.775
0.000118471	269.256
0.000115482	198.875
9.58488e-05	274.591
9.64771e-05	234.988
2.50207e-05	214.872
4.2646e-05	209.347
6.77721e-05	163.812
4.30377e-05	248.301
5.65246e-05	206.421
1.04359e-05	301.859
9.1798e-06	314.845
3.64349e-05	309.398
2.50178e-05	310.807
3.64344e-05	313.56
3.90409e-05	285.159
4.80329e-05	315.651
6.19913e-05	296.416
0.000102414	289.414
0.000129843	195.224
0.000161224	206.16
0.00017479	207.214
0.000225403	246.549
4.95176e-05	244.333
0.000129138	171.754
2.25529e-05	295.692
4.58601e-05	346.677
5.09454e-05	296.601
6.3253e-05	310.618
7.4372e-05	307.141
0.000112036	319.257
0.0001421	243.437
0.000133522	255.763
0.000169652	280.687
0.000179583	242.769
0.000228404	285.025
4.09262e-05	310.002
8.05626e-05	228.805
5.29845e-05	346.271
9.79277e-05	254.986
0.000155185	245.974
0.000150992	277.69
9.08191e-05	332.759
0.000200954	291.674
0.000202208	300.93
0.000113365	319.765
0.000109641	325.272
8.41628e-05	286.183
4.92467e-05	318.257
2.88253e-05	313.433
4.68736e-05	324.334
3.90097e-05	314.57
4.87076e-05	319.665
0.000271543	249.62
0.000117226	286.428
0.000257572	225.711
0.0002364	258.122
0.000153481	321.979
0.00011159	204.782
5.7487e-05	352.738
8.14681e-05	216.954
4.05068e-05	345.98
5.70984e-05	219.56
7.43879e-05	248.063
8.8775e-05	221.556
0.000147243	239.442
3.74699e-05	338.779
0.000103419	280.713
9.43923e-05	258.991
0.000216399	224.332
0.000222332	195.615
7.29991e-05	262.815
0.000225612	223.84
0.000250866	234.873
8.48238e-06	254.429
3.31993e-05	303.489
6.0821e-05	327.792
5.97565e-05	308.575
7.81571e-05	313.52
9.86458e-05	351.715
0.000119972	275.929
0.000145114	272.953
0.000146569	221.991
0.000155441	228.209
0.00018773	248.908
0.000203292	238.515
0.000204942	217.603
0.000240817	230.578
3.38512e-05	298.928
2.53591e-05	258.493
2.68131e-05	295.456
9.16506e-05	285.973
0.000172414	231.512
0.000158017	235.863
8.35069e-05	265.297
0.000125659	317.073
0.000127389	298.377
0.000183603	260.644
0.000196243	261.706
0.000182234	275.32
0.000174616	261.204
6.51636e-05	250.465
5.13391e-05	269.982
0.00018506	264.135
0.00010371	234.043
9.58632e-05	226.595
0.000102093	273.739
9.89073e-05	290.517
9.58453e-05	292.467
2.53706e-05	312.506
7.86693e-05	301.578
3.831e-05	315.076
6.47694e-05	292.2
9.58126e-05	298.914
0.000115444	278.716
7.18677e-06	238.349
1.65518e-05	292.152
2.2748e-05	284.752
3.06521e-05	335.965
4.52113e-05	304.462
5.54e-05	363.711
6.0681e-05	321.497
6.78921e-05	333.506
0.000119792	225.057
0.000160834	190.22
0.000262692	175.51
3.69205e-05	318.503
4.54433e-05	330.293
5.10609e-05	328.95
7.6467e-05	291.525
7.06848e-05	353.003
7.44253e-05	366.143
6.1583e-05	357.479
0.000105442	330.71
0.000216399	170.184
0.000214671	189.621
9.12311e-05	280.465
1.60513e-05	222.353
1.99283e-05	254.377
4.05406e-05	284.661
4.22395e-05	293.077
5.44311e-05	305.031
6.66435e-05	317.598
7.66748e-05	302.421
8.37594e-05	331.285
8.25159e-05	253.292
9.08416e-05	329.57
9.50698e-05	310.957
0.0001035	318.77
0.00011244	327.753
0.000160608	245.002
0.000174631	250.735
0.000174672	216.228
0.000184625	225.701
2.63133e-05	219.735
4.84517e-05	285.976
0.000181334	215.866
0.000152513	273.322
0.000144309	289.332
0.000117273	285.835
0.000130165	265.61
7.04821e-05	302.195
5.89293e-05	318.162
8.84433e-05	281.798
0.000184479	290.234
8.77487e-05	309.894
7.48568e-05	320.486
5.36355e-05	237.651
5.57967e-05	208.89
4.53869e-05	278.713
0.000225844	240.731
0.000174633	260.302
0.000162655	224.809
0.000168836	304.63
0.000164138	276.01
0.000155497	279.755
0.000131874	259.283
7.95966e-05	203.219
2.96712e-05	266.379
5.09482e-05	222.946
0.000279171	226.583
8.84433e-05	242.581
5.66131e-05	215.322
7.59846e-05	280.715
8.51398e-05	288.32
7.9283e-05	287.775
1.77282e-05	262.171
9.12026e-06	252.76
0.000151029	281.377
0.000136034	283.822
0.000113405	296.051
0.000109016	323.323
0.000111853	308.304
0.000103368	294.667
0.000102058	327.908
8.0249e-05	246.644
8.57405e-05	293.208
9.45729e-05	297.077
9.36007e-05	344.341
8.74378e-05	330.761
8.64259e-05	297.207
0.000103779	269.036
9.88775e-05	289.92
9.94253e-05	284.604
0.00010371	292.444
0.000112028	288.733
7.82647e-06	228.689
2.30942e-05	303.34
4.49924e-05	337.059
3.87429e-05	324.887
5.38326e-05	312.196
7.0446e-05	292.249
6.97428e-05	357.049
7.96174e-05	274.429
4.64506e-05	325.966
3.86765e-05	351.713
3.87679e-05	303.63
5.68505e-05	345.786
8.92697e-05	352.294
0.000279901	163.982
6.43984e-05	342.08
0.000282436	151.184
6.3906e-05	335.353
5.83911e-05	345.266
2.40566e-05	305.177
5.13745e-05	373.963
5.72035e-05	321.414
7.47714e-05	350.837
7.12547e-05	324.937
9.49642e-05	334.579
0.00010081	368.113
0.00012553	334.406
0.000124196	363.629
0.000155467	288.326
0.000228349	228.317
0.000291917	186.004
4.75867e-05	290.007
0.000168239	280.401
7.63479e-05	291.572
0.00011556	279.152
0.000156522	286.448
0.00018822	218.163
0.000248631	183.148
8.86238e-05	292.395
9.28491e-05	300.136
0.000165943	258.226
7.23246e-05	321.649
2.08812e-05	264.595
0.000176553	207.251
0.000175096	320.103
0.000154996	303.088
0.000163209	218.893
0.00012753	262.746
0.000118015	223.028
9.74331e-05	288.83
9.75929e-05	222.58
6.83838e-05	299.79
5.1939e-05	239.752
4.21903e-05	274.671
0.000118995	182.73
0.000102085	182.435
0.000209417	189.625
9.39701e-05	184.611
7.25749e-05	200.383
0.000152061	237.385
0.00016045	242.112
8.91102e-05	283.374
3.83218e-06	221.45
4.86154e-05	297.846
4.1108e-05	287.614
3.21835e-05	308.725
0.000198406	212.498
0.000176218	268.64
0.000168412	367.775
0.000164075	224.48
0.000143744	394.084
0.000123093	346.765
0.000137001	282.14
9.90305e-05	348.855
0.00010397	333.63
9.81355e-05	319.83
8.71479e-05	344.87
8.81784e-05	302.874
8.34318e-05	307.688
7.38245e-05	311.916
6.17327e-05	273.379
2.40024e-05	323.894
8.83208e-05	295.326
0.000148591	274.192
6.77282e-05	307.827
8.14162e-05	304.013
9.79179e-05	313.114
5.54924e-05	301.683
0.000103245	326.523
9.76656e-05	345.698
7.61415e-05	329.584
2.35645e-05	349.529
5.18636e-05	361.491
6.09005e-05	357.12
6.4888e-05	379.148
6.81084e-05	383.489
6.75244e-05	371.988
7.83454e-05	272.107
0.000137035	161.548
0.000177329	198.974
0.000186067	216.802
0.000181622	158.049
3.01892e-05	254.536
3.07224e-05	324.479
4.73323e-05	372.624
9.44448e-05	333.581
0.000134276	312.341
0.000168244	236.138
0.000180524	226.835
0.000217021	244.161
2.58785e-05	258.982
0.000173749	268.005
0.000119961	284.07
6.07606e-05	341.326
0.000114566	265.419
0.000153567	277.007
0.00015514	289.296
0.000147844	302.393
9.91941e-05	282.795
0.000133265	338.369
0.00022956	245.576
0.000198818	274.806
8.48686e-05	278.439
5.59104e-05	183.371
0.000199413	317.466
0.000189423	316.305
0.000156475	273.167
0.000154314	301.339
0.00014922	255.944
0.000147061	344.069
0.000123278	283.306
7.56039e-05	201.344
7.06198e-05	204.633
6.47589e-05	182.656
0.000131023	238.278
0.000278831	185.676
0.000108089	261.721
0.000159463	248.336
2.57879e-05	288.059
4.15759e-06	291.377
4.1491e-05	302.883
0.000154662	321.14
0.00015065	350.367
0.000139311	353.925
0.000131477	366.812
0.000125443	371.176
0.000127183	375.487
9.80322e-05	340.045
0.000104249	351.42
6.98029e-05	320.855
6.4129e-05	292.338
5.7935e-05	290.356
4.33803e-05	341.553
3.67364e-05	344.392
7.14329e-05	305.147
0.000124501	354.226
0.000147763	322.488
0.000124544	326.204
0.00017227	262.409
0.000169445	210.221
0.000142829	291.215
0.000125318	294.47
0.000102849	296.494
0.000100513	311.983
9.0147e-05	327.909
5.39804e-06	372.327
3.80284e-05	316.678
5.19452e-05	295.831
5.68779e-05	358.414
6.36044e-05	276.634
6.7734e-05	224.264
9.18058e-05	264.823
0.000104162	307.127
0.00020657	278.203
0.000165146	138.593
7.00154e-05	219.764
3.2362e-05	331.871
0.000140658	322.699
0.000133535	261.719
0.000121964	261.166
0.000145403	240.19
0.000200171	268.691
0.000277628	202.604
0.00017889	281.108
8.98632e-05	310.833
7.14444e-05	356.698
0.000159538	312.162
0.000168799	280.251
0.000156339	322.968
0.000118858	342.214
0.000177359	295.595
8.78048e-05	258.947
1.76035e-05	254.253
0.000210603	269.927
0.000174983	344.443
0.000171498	304.441
0.00013208	204.418
3.76678e-05	284.975
0.000236764	195.499
0.00011505	200.68
5.75354e-05	205.451
0.000257548	223.494
0.000295038	177.291
9.33973e-05	201.861
0.000116989	258.348
2.06585e-05	350.489
4.15302e-05	296.06
0.000191576	230.646
0.000184625	227.672
0.00016645	292.606
0.000164086	331.466
0.000164105	282.473
0.000158016	312.343
0.00013931	341.834
0.000126382	376.741
0.000128127	385.076
0.000113225	373.769
8.38193e-05	309.253
7.28486e-05	284.339
6.35929e-05	360.357
5.91651e-05	304.178
4.10672e-05	268.184
0.00010972	359.851
0.000142722	316.056
6.13172e-05	246.369
6.9462e-05	274.695
1.61194e-05	317.749
2.66768e-05	345.491
4.5388e-05	373.52
6.50562e-05	275.288
8.55977e-05	312.155
9.1001e-05	341.52
9.43373e-05	336.086
0.000104379	357.589
0.000113189	349.729
0.000130071	293.315
0.000120502	297.3
0.000122705	324.12
0.000124543	282.865
0.000133159	201.835
0.000167357	294.229
0.000157269	274.119
0.000159541	277.276
0.000202544	274.455
0.000193947	280.446
3.41091e-05	194.425
5.03777e-05	200.418
0.000107414	167.901
0.000186998	218.042
7.20703e-05	199.724
1.79426e-05	344.547
2.72914e-05	364.752
3.03622e-05	369.904
4.01146e-05	350.661
3.98602e-05	364.04
4.78733e-05	379.292
5.14834e-05	378.471
8.71442e-05	301.134
7.16358e-05	350.087
7.72224e-05	370.73
0.000105343	278.289
0.000117461	307.166
0.000120422	304.482
0.000131613	302.246
0.000136506	298.968
0.000148561	294.047
0.000141521	232.614
0.000183209	289.017
0.000187483	266.818
0.000263335	186.357
0.00010203	332.622
0.000114898	306.666
0.000127473	309.794
6.86423e-05	337.846
0.000101831	292.832
0.000143544	308.15
0.000114448	256.319
0.000263721	198.754
0.000257175	220.278
0.000185683	265.821
0.000162479	279.292
0.000278972	173.332
0.000212993	190.467
0.000179633	283.891
0.000188727	230.827
0.000175861	298.272
0.000124108	352.071
0.000119471	338.096
0.000118133	360.58
0.000108156	328.221
9.12285e-05	295.82
9.43373e-05	320.091
7.46583e-05	234.43
0.000158084	213.554
0.000160818	208.12
0.000132162	233.433
0.00012334	282.132
0.000135149	243.756
0.00013017	283.329
0.000106983	314.062
0.000130213	312.365
3.06927e-05	253.596
1.30694e-05	245.379
4.77998e-05	237.397
3.40249e-05	237.094
0.000199424	215.316
0.000118288	308.759
0.000102622	326.31
9.63645e-05	353.246
8.54642e-05	350.84
2.18581e-05	285.307
6.25316e-05	266.38
0.000122712	320.677
0.000125961	319.063
0.000136616	317.783
0.000156444	311.544
0.000152521	300.977
0.000148755	276.33
0.00015742	295.559
0.000174848	300.111
0.000211872	274.989
0.00024004	187.787
8.69473e-05	277.948
8.07653e-05	340.471
1.45962e-05	324.621
3.55685e-05	316.367
2.40942e-05	333.267
3.47906e-05	347.328
3.42325e-05	285.18
4.29923e-05	259.413
9.89424e-05	316.408
0.000106956	256.827
0.000142202	272.982
0.00013333	300.417
0.000152398	274.923
0.000164128	303.63
0.000179137	274.466
4.70419e-05	321.666
9.05062e-05	357.103
6.79007e-05	366.821
0.000234553	283.36
0.000220401	287.812
8.79528e-05	338.54
0.000127792	338.372
6.18533e-05	329.471
0.000195045	321.905
0.000162639	325.733
0.00011907	298.795
0.000215021	236.28
0.000117477	318.986
9.25252e-05	316.335
0.000182022	279.541
0.000116681	315.643
0.00010611	295.558
6.66559e-05	322.845
0.000120032	304.608
0.000115898	287.076
7.77248e-05	297.542
0.000237672	236.323
4.00227e-05	355.895
5.24755e-05	383.297
5.83374e-05	376.358
0.000166261	280.676
0.000117451	338.952
0.000116127	323.136
0.00010994	300.084
9.41115e-05	341.481
0.000106983	326.126
6.11255e-05	340.733
7.10696e-05	331.813
7.35759e-05	390.132
6.59403e-05	259.153
2.91515e-05	305.559
4.15261e-05	302.604
0.000242779	184.488
8.79265e-05	192.979
0.000101346	203.028
5.85669e-05	283.014
6.5691e-05	326.991
5.03563e-05	339.218
4.33168e-05	389.444
4.30153e-05	351.087
4.02653e-05	389.109
3.70139e-05	361.801
0.000126404	328.926
9.02529e-05	355.231
0.000116978	320.196
0.00010325	351.383
8.78413e-05	364.212
9.34017e-05	355.741
8.79368e-05	313.387
8.60401e-05	340.361
6.92155e-05	384.512
6.61763e-05	358.28
6.02441e-05	376.244
5.45111e-05	283.856
8.21696e-05	318.586
0.000106611	223.514
8.46391e-05	326.505
0.000123136	277.333
0.000128017	271.445
4.05342e-06	268.309
3.55851e-05	239.967
5.67232e-05	242.964
9.27974e-05	295.876
9.58454e-05	289.623
0.00012296	268.428
0.000136523	318.186
0.000148219	251.263
0.000144276	319.363
0.000155927	302.758
0.000183569	280.316
0.000207772	244.972
0.00023605	152.845
0.000259389	127.821
5.10402e-05	308.072
4.04361e-05	275.154
0.000114851	324.82
0.000121926	310.356
5.38514e-05	312.61
1.56246e-05	294.864
2.6248e-05	262.405
2.74292e-05	279.654
3.46663e-05	246.308
4.9833e-05	258.84
0.000155796	320.388
0.000190487	281.656
0.000195568	292.24
4.2381e-05	296.233
3.17514e-05	323.747
0.000155984	342.462
0.000128897	350.989
6.54897e-05	318.401
0.000178477	331.561
0.000105347	336.572
0.000242629	293.292
0.000235419	263.49
0.000214195	300.232
0.000143663	317.595
0.000113991	340.606
0.000168743	303.725
0.000173608	288.577
0.000168741	284.801
0.000159533	279.032
0.000271978	230.291
0.000198511	235.831
6.26999e-05	353.788
3.43317e-05	294.7
0.00014358	297.043
0.000125164	293.091
0.000113246	223.756
0.000111995	349.258
0.00010043	337.758
0.000103704	343.959
0.000105328	204.572
9.35599e-05	274.082
3.10961e-05	268.537
3.66103e-05	284.379
0.000124543	339.233
4.79422e-05	364.029
3.89005e-05	356.042
0.000155368	324.174
0.000142925	287.629
0.000141076	336.25
0.00014163	335.064
0.000120851	314.047
9.47565e-05	331.035
7.53121e-05	377.403
6.7445e-05	369.561
6.26489e-05	367.886
6.0281e-05	356.343
5.00114e-05	281.624
6.08212e-05	323.245
6.55858e-05	309.082
2.37277e-05	381.025
6.0489e-05	243.16
5.71918e-05	355.184
6.69001e-05	345.54
6.37019e-05	354.11
8.30926e-05	321.67
9.71194e-05	295.006
9.75795e-05	320.639
0.000124571	315.959
0.000116277	213.877
0.00012835	228.303
0.000170189	261.367
1.83557e-05	294.96
2.96966e-05	327.072
5.59014e-05	318.645
0.000130583	245.969
9.00761e-05	194.802
7.87341e-05	250.45
8.38521e-05	312.581
9.73122e-05	239.059
4.45224e-05	284.436
8.36896e-05	277.135
0.000110898	316.278
0.000113871	246.818
0.000189314	263.941
0.000124981	347.236
9.42631e-05	351.6
0.000158068	331.229
8.18496e-05	275.675
0.00011659	273.934
0.000137843	286.491
0.000179545	290.264
0.00016119	285.396
0.000200975	225.174
2.77497e-05	357.829
2.41896e-05	346.762
1.71679e-05	366.232
4.81901e-05	362.252
3.26985e-05	347.955
2.58841e-05	360.86
0.000164015	236.69
0.000139774	252.347
0.00012312	296.376
9.21822e-05	241.081
0.000105296	300.44
9.34688e-05	305.157
0.000103453	314.778
9.39839e-05	330.517
8.34442e-05	351.699
6.87812e-05	367.818
7.00488e-05	337.57
0.000113069	215.976
9.24885e-05	297.137
8.33993e-05	301.043
8.2367e-05	265.071
0.000124172	210.671
0.000111394	267.529
0.000157718	256.33
0.000176069	255.672
0.000165667	265.073
3.09416e-05	374.74
0.000111152	325.411
9.41127e-05	246.42
9.23362e-05	266.29
5.82917e-05	360.924
0.000112585	264.423
5.72832e-05	320.712
9.00907e-05	247.184
9.86415e-05	226.122
9.08648e-05	267.444
1.80261e-05	352.219
2.07308e-05	363.863
2.85897e-05	331.27
2.84471e-05	382.437
5.85968e-05	376.731
3.57965e-05	359.398
4.5055e-05	304.425
7.73566e-05	242.129
8.27895e-05	381.046
0.000106636	253.694
0.000124267	249.865
0.000130032	281.322
0.000132836	188.891
0.000140827	259.586
0.000178531	219.131
0.000188727	219.99
0.000204994	213.772
2.69755e-05	311.212
3.83062e-05	292.718
0.000130824	213.447
0.000136608	210.806
8.80286e-06	382.395
6.96021e-06	366.205
1.21197e-05	384.638
4.36088e-05	388.224
3.69113e-05	290.045
5.77498e-05	346.832
6.31639e-05	348.056
7.48057e-05	388.427
9.27703e-05	333.984
0.000107558	307.523
0.000123529	242.14
0.000169224	322.196
0.000142432	288.967
0.000224372	303.058
0.000231512	310.227
0.000108583	248.797
0.000188949	274.923
6.62168e-05	301.809
0.000160429	264.08
2.60675e-05	380.605
2.24388e-05	370.508
1.85862e-05	380.878
1.424e-05	383.228
4.65739e-05	370.126
4.36556e-05	383.316
0.000110618	255.069
0.000100751	331.553
9.89327e-05	234.627
9.581e-05	229.637
7.35629e-05	360.975
7.13206e-05	339.322
6.14046e-05	368.167
6.47351e-05	358.49
8.91486e-05	294.879
9.20954e-05	322.322
0.000130179	312.463
2.87768e-05	364.665
4.28404e-05	375.546
4.24864e-05	377.522
0.000193988	246.454
0.000144293	220.241
0.000136096	227.345
0.000126404	239.273
0.000114278	236.154
7.32233e-05	300.641
6.63639e-05	316.411
9.99216e-05	225.313
0.000109958	233.625
7.66635e-05	295.352
4.8069e-05	331.674
4.20644e-05	330.775
5.11293e-05	298.174
7.05427e-05	375.585
0.000156344	193.167
0.000170408	240.907
4.73482e-05	301.757
4.6924e-05	289.585
4.89286e-05	284.148
7.86895e-05	182.178
0.000175818	193.743
2.97375e-05	351.154
3.62513e-05	335.768
5.22481e-05	344.745
8.03705e-05	342.221
8.41659e-05	371.205
9.56131e-05	248.352
9.38169e-05	316.195
0.000107846	236.731
0.000133827	193.762
4.63891e-05	351.34
6.7385e-05	312.464
4.55107e-05	327.357
3.89407e-05	349.32
0.000111034	302.426
9.42948e-05	276.605
0.000177553	301.866
0.000110807	252.447
8.47581e-05	280.672
9.65109e-05	262.965
0.000200354	304.575
0.000167882	292.276
1.42673e-05	376.276
1.05409e-05	379.563
8.76863e-06	382.21
6.02367e-05	340.435
5.0099e-05	343.516
3.25049e-05	347.544
3.28281e-05	365.726
3.02438e-05	370.263
0.000146604	186.448
0.000149034	285.936
0.000103169	327.878
7.19032e-05	325.971
5.75029e-05	336.228
5.38536e-05	336.985
9.47537e-05	295.497
7.17265e-05	307.398
6.34576e-05	336.558
8.66391e-05	316.113
0.000168009	261.936
0.000139566	289.818
7.68483e-05	312.402
4.75072e-05	340.283
3.27268e-05	373.381
5.28389e-05	333.846
6.6808e-05	279.808
0.000185972	205.91
5.9399e-05	365.906
6.3906e-05	340.263
0.000102927	303.771
0.000214825	259.385
3.20891e-05	318.141
0.000106273	182.267
6.4067e-05	315.668
1.73664e-05	335.708
8.81554e-05	333.025
9.35833e-05	354.992
9.71225e-05	318.933
9.97228e-05	288.851
0.000116717	307.932
0.000111796	301.657
0.00014042	201.728
0.000134004	262.432
0.000207334	198.041
4.12047e-05	350.696
0.000140546	262.534
5.68852e-05	340.232
7.90588e-05	343.399
0.000119012	326.773
0.000115457	354.43
0.000115191	357.543
0.000131695	318.643
0.000202778	319.722
0.000184624	271.702
0.00022631	275.425
0.000222331	260.426
1.55938e-05	342.789
4.99224e-05	306.159
4.91192e-05	305.077
4.33342e-05	319.119
3.32805e-05	330.95
0.000122068	222.446
9.02821e-05	267.462
7.56265e-05	264.934
6.16279e-05	312.629
5.03302e-05	320.657
4.09412e-05	331.209
4.29141e-05	322.104
0.000107118	244.404
2.84136e-05	334.357
8.72696e-05	218.72
2.7996e-05	342.939
0.000116355	221.726
0.00012349	234.732
0.00012791	201.764
3.92979e-05	386.92
4.15915e-05	386.126
4.30549e-05	387.494
6.23888e-05	299.568
7.60682e-05	275.088
0.000110898	284.816
0.000114795	261.881
0.000122064	299.674
0.00013505	256.662
0.000155998	267.989
0.000223574	243.591
0.000248908	269.999
0.000252552	243.247
0.000256391	236.733
4.8247e-05	240.807
0.000193854	179.301
0.000106032	350.974
7.14999e-05	359.171
8.30926e-05	369.103
0.000104034	354.254
9.74251e-05	332.24
5.72161e-05	355.644
9.46078e-05	337.56
2.48412e-05	302.16
3.0833e-05	359.543
4.18038e-05	329.831
6.50668e-05	347.681
9.74985e-05	290.182
0.000130196	198.992
3.95991e-05	315.226
2.20068e-05	302.983
0.000177517	248.252
6.04163e-05	299.382
0.000180481	260.928
7.08887e-05	368.829
5.90031e-05	371.864
0.000231512	290.693
2.26386e-05	308.826
2.00355e-05	315.992
1.46364e-05	310.252
3.86751e-05	272.781
0.000229994	254.965
0.000153931	248.522
0.000149467	213.647
0.000118876	260.514
0.000104169	207.976
8.41628e-05	239.006
8.07058e-05	224.862
6.95201e-05	251.657
3.58032e-05	318.604
0.000108153	224.356
8.01856e-05	239.471
7.39109e-05	271.442
2.56774e-05	298.838
5.01875e-05	289.059
3.42093e-05	287.936
7.43714e-05	285.04
7.35171e-05	325.251
6.58598e-05	289.573
5.54467e-06	332.826
2.52896e-05	345.341
1.67365e-05	326.946
2.0407e-05	326.947
4.32347e-05	366.026
4.69183e-05	354.983
5.82911e-05	329.258
6.34776e-05	319.661
9.4305e-05	282.411
9.92238e-05	212.015
0.000120898	238.996
0.000148652	242.645
0.000169682	243.866
0.000171994	209.894
0.000210637	202.646
2.97401e-05	326.073
3.71382e-05	323.371
8.33658e-05	330.262
0.000120429	284.227
0.000118899	267.351
7.7862e-05	318.729
4.57505e-05	320.899
6.16369e-05	283.192
7.26945e-05	298.728
0.000101787	290.693
0.00010695	279.892
0.000121629	208.268
0.000150647	249.087
0.000286931	211.551
6.22817e-05	315.172
3.54811e-05	279.838
2.96098e-05	280.791
5.57839e-05	296.428
0.000247304	242.287
6.56243e-05	341.513
5.84683e-05	343.478
0.000130179	318.351
0.000223565	256.926
1.50808e-05	295.742
1.5428e-05	291.478
3.55097e-06	334.569
4.72085e-05	276.164
0.000170966	210.739
0.000125485	222.051
0.000112958	241.562
9.89571e-05	243.28
9.7389e-05	218.852
8.47936e-05	302.023
6.23716e-05	248.859
0.000281006	147.581
0.000267945	141.796
0.000138836	199.605
0.000116717	221.779
5.99752e-05	237.821
0.000103063	218.752
7.0679e-05	285.459
5.53761e-05	269.955
4.29709e-05	266.937
9.7672e-05	257.378
6.2155e-05	287.103
5.20812e-05	275.07
0.000102093	270.134
0.000105247	267.665
0.000154998	282.512
7.6473e-05	275.333
1.07247e-05	346.02
2.13975e-05	324.631
1.45795e-05	342.805
3.2359e-05	313.785
4.77891e-05	304.151
6.08293e-05	310.318
0.00010287	259.212
0.000126568	253.432
0.000202344	253.707
0.000176877	173.692
3.39105e-05	294.589
3.13779e-05	303.554
5.00507e-05	338.81
5.20272e-05	312.682
0.000115961	319.552
0.000129609	315.746
0.000101322	303.006
0.000129879	307.326
0.000140506	336.223
0.000113415	275.765
9.7389e-05	319.869
0.000122054	297.979
9.69779e-05	350.594
5.45778e-05	344.018
0.000144841	308.242
2.80384e-05	290.585
7.1428e-05	254.315
8.0102e-05	272.637
8.05072e-05	242.738
0.000117116	243.024
0.000131636	249.715
0.000133477	253.745
0.000134065	248.431
0.000144809	229.85
0.000175046	160.671
5.34789e-05	296.285
0.000104705	304.3
0.000107827	312.6
0.000186951	271.396
0.00018189	284.921
6.63989e-05	298.022
2.68974e-05	314.082
0.000144755	182.246
0.000121284	224.714
0.000110837	246.914
5.73587e-05	243.169
3.05219e-05	272.901
4.74268e-05	221.9
0.000171241	139.337
0.000107405	297.905
0.000110557	291.482
9.67749e-05	268.724
8.44211e-05	255.537
6.4002e-05	303.774
5.79731e-05	305.479
0.000101734	205.784
0.000119156	266.121
5.97291e-05	281.123
0.000143388	253.655
0.000137277	271.999
0.000199453	193.169
7.50067e-06	304.822
2.0859e-05	303.542
3.95449e-05	318.466
0.000123931	231.304
7.60145e-05	295.702
2.19071e-05	317.573
2.7124e-05	317.67
3.3722e-05	336.357
0.00015139	214.573
0.000125303	313.023
0.000151031	291.649
0.000159458	253.749
1.87274e-05	224.337
9.40556e-06	303.833
2.48098e-05	282.539
6.34746e-06	306.297
3.63775e-05	299.329
3.47677e-05	301.203
5.01984e-05	260.267
6.10814e-05	270.983
5.50714e-05	287.878
7.48312e-05	278.132
8.69741e-05	268.177
0.000107267	241.989
0.000107601	267.408
0.000118495	258.969
0.000131281	177.918
8.11132e-05	289.321
0.000161503	313.859
9.82249e-05	298.404
0.000200248	235.402
0.000206862	240.891
0.00019634	257.009
3.05959e-05	231.477
2.16448e-05	300.614
0.000138721	167.814
0.000120068	217.991
9.43644e-05	212.561
7.49579e-05	274.272
3.9505e-05	227.003
0.000116681	183.035
1.48498e-05	311.628
5.21393e-05	287.457
3.86361e-05	266.857
0.000154425	272.644
0.000130243	223.196
0.000116682	204.618
0.000121007	270.818
0.000111418	258.188
9.2744e-05	323.093
4.03387e-05	359.992
0.000136969	275.952
5.89203e-05	311.21
6.98268e-05	292.297
0.00013517	262.258
5.68081e-05	309.38
7.11882e-05	301.749
6.13396e-06	267.053
1.3866e-05	272.769
2.31181e-06	259.556
2.9384e-05	316.525
5.80107e-05	346.177
0.000108639	332.203
0.000155029	303.818
3.67649e-05	310.716
4.79041e-05	334.474
0.000121297	278.667
7.27194e-05	324.924
0.000119048	298.593
7.39018e-05	323.143
0.000153188	302.458
9.28292e-05	337.993
0.000101312	362.304
0.000120866	332.916
0.000155027	290.212
1.85925e-05	246.239
1.2819e-05	269.441
2.63245e-05	273.05
5.15523e-05	313.453
0.000120391	231.881
0.000194461	231.415
3.64084e-05	242.972
3.30874e-05	299.332
0.000142074	196.228
9.2628e-05	292.911
0.000134671	303.517
6.41292e-05	330.638
0.000295038	180.993
4.60835e-05	201.594
8.98136e-05	317.674
0.000164128	216.922
3.49144e-05	248.923
0.000150595	302.209
0.000116206	245.299
8.76079e-05	223.678
7.76854e-05	245.887
7.35184e-05	233.584
5.42921e-05	237.128
2.96137e-05	305.077
4.04042e-05	302.764
0.000145162	337.031
7.22241e-05	259.272
0.000128818	257.119
1.52609e-05	251.782
4.63501e-05	352.743
6.70541e-05	364.488
7.35937e-05	381.818
9.01847e-05	306.963
8.87107e-05	351.63
0.000114276	289.173
9.40047e-05	256.405
0.000115498	290.419
0.000126033	275.174
0.00014157	272.766
0.000168728	144.917
0.000218255	255.798
0.000262758	241.406
0.000225424	267.8
0.000142186	277.796
7.33531e-05	371.973
1.52685e-05	281.647
2.73179e-05	279.1
4.65325e-05	274.915
5.35756e-05	358.95
6.0552e-05	302.603
7.25251e-05	314.513
0.000142146	206.778
0.000128923	284.255
0.000142195	297.597
0.000159471	222.175
3.11559e-05	287.743
0.000147815	215.115
0.000115459	312.824
0.000108665	296.699
0.00011901	324.269
0.000112028	343.236
0.000122684	330.725
0.000115498	350.584
4.21012e-05	218.622
3.76184e-05	209.234
0.000175908	165.227
0.000180211	299.696
0.000156522	313.831
0.000143136	308.622
0.000132152	294.184
0.000133695	322.544
0.000159033	296.519
7.30018e-05	312.574
7.19066e-05	268.855
0.000137716	299.771
0.000171434	274.414
0.000137542	279.892
0.000155027	278.331
0.000120866	290.514
7.06068e-05	331.873
6.82544e-05	319.144
8.32545e-05	301.853
8.68765e-05	314.442
0.000111598	262.675
0.000125417	264.041
0.000116206	237.927
0.000143555	277.408
0.000150647	251.737
0.000180412	220.261
0.000201656	170.598
0.000217219	223.06
0.000133166	281.456
0.000156689	242.554
0.000180111	223.332
0.000249253	211.808
0.000148507	235.879
0.000157632	239.47
0.00026172	221.772
0.000123495	306.989
7.38335e-05	345.252
0.000102118	322.578
4.40459e-05	263.724
0.000154735	290.111
3.50828e-05	215.562
5.95432e-05	238.306
0.000133627	287.265
0.000144018	298.113
0.000174344	300.519
0.000149467	305.981
0.000107087	297.915
6.098e-05	252.274
0.000123923	267.392
0.000123074	272.474
0.00011662	296.203
2.53849e-05	202.59
3.52239e-05	218.607
7.1797e-05	182.87
5.76493e-05	187.455
5.10603e-05	267.347
0.000227	272.682
0.000223351	269.711
3.74437e-05	210.698
3.91602e-05	223.786
0.000135123	287.416
0.000108406	319.91
9.99519e-05	318.352
0.000112741	332.726
0.000107502	332.351
0.00015248	251.669
1.93371e-05	319.65
3.09198e-05	327.539
4.30977e-05	270.686
6.10929e-05	286.08
6.85307e-05	296.911
6.3906e-05	279.044
8.51187e-05	285.005
7.80437e-05	351.532
8.39429e-05	285.766
8.97999e-05	287.517
9.29573e-05	246.036
9.35833e-05	255.739
0.000107876	254.845
0.000141922	232.875
0.000146422	196.821
0.000153515	219.038
0.000169173	224.969
3.11273e-05	339.252
6.93111e-05	305.938
8.35429e-05	320.479
0.00012936	295.427
0.00016254	289.617
0.000167619	219.56
0.000162917	260.767
0.000197431	183.12
0.000142214	277.286
5.92603e-05	331.687
2.57881e-05	209.466
4.18999e-05	203.162
5.00959e-05	196.052
0.000108385	270.812
0.000105353	294.245
0.000175738	149.074
0.000177611	231.84
4.64679e-05	250.27
0.000204367	264.973
0.000106884	189.046
0.000155792	290.22
4.32566e-05	324.959
8.2571e-05	276.912
2.0547e-05	327.829
4.69441e-05	350.454
0.000201366	307.057
0.00012849	333.981
0.000100064	335.854
8.2923e-05	349.556
7.2489e-05	283.26
5.41714e-05	292.304
5.20063e-05	331.184
3.59552e-05	337.862
2.25079e-05	327.783
0.000168827	290.654
0.000152106	285.29
0.000207237	262.822
0.000213501	226.045
5.72232e-05	333.376
0.000144227	310.214
0.000170383	215.475
0.000113633	300.814
0.0001915	220.036
0.000142123	287.588
0.00019941	225.041
8.17585e-06	304.941
5.1304e-06	339.143
2.55622e-05	344.459
3.19545e-05	250.016
3.58689e-05	345.476
3.93028e-05	311.608
4.64305e-05	299.857
4.23196e-05	307.37
5.17723e-05	291.915
5.58959e-05	279.842
5.97491e-05	368.749
8.63202e-05	251.35
0.000115596	294.205
0.000178301	223.662
0.000207959	133.492
0.000211345	208.075
0.000103465	272.237
8.70039e-05	317.368
0.00022236	236.324
0.000267969	236.931
0.000268366	208.57
0.000113728	268.034
0.000128929	260.679
9.65239e-05	291.944
9.85947e-06	340.037
1.27697e-06	338.526
2.01031e-05	337.318
2.02292e-05	351.399
5.32676e-05	207.726
4.5999e-05	328.709
5.50448e-05	261.12
5.66297e-05	268.953
7.66013e-05	297.568
8.7016e-05	338.125
9.58262e-05	301.548
0.000119621	235.312
2.85166e-05	325.767
0.00020514	273.311
0.000194946	290.362
0.00016897	269.249
7.01964e-05	171.443
0.000164208	239.111
9.0419e-06	321.328
3.51676e-05	321.018
3.43269e-05	329.512
0.000142079	271.585
0.000119937	324.318
0.000134111	341.556
0.000118512	262.794
0.000107921	259.433
0.000106005	236.349
9.58454e-05	125.971
8.60537e-05	265.398
7.54326e-05	343.179
0.000122683	196.748
8.58245e-05	315.349
7.23246e-05	261.169
7.35255e-05	244.155
0.00025416	242.661
2.26957e-05	336.287
2.3189e-05	310.925
0.000294735	203.453
0.000151857	279.194
0.000106088	317.371
8.85024e-05	351.852
8.55978e-05	339.94
7.81157e-05	366.679
6.8334e-05	341.288
6.06078e-05	361.625
6.17901e-05	366.41
5.6075e-05	355.356
5.26969e-05	359.376
5.19966e-05	368.333
9.05247e-05	363.273
7.6905e-05	343.337
8.11618e-05	363.022
0.000183599	251.253
0.000173608	296.683
0.000100721	370.742
0.000117261	352.398
0.000167233	289.249
0.000123037	353.806
5.22589e-05	279.775
7.42042e-05	273.775
9.23003e-05	242.415
0.000107922	270.482
0.000135057	264.779
0.000122684	230.194
0.000132563	235.908
0.000134111	199.422
0.000155474	236.689
0.000167345	209.342
3.21444e-05	270.308
0.000129114	315.523
0.00013301	326.095
0.000150498	340.466
0.000169578	356.827
0.000176016	339.743
0.000152067	317.883
0.000172669	332.061
0.000140067	253.254
0.000204299	227.21
0.000279448	213.895
0.000149179	249.764
0.000181771	237.406
0.000264434	231.27
0.000128758	282.034
8.53886e-05	305.615
8.10995e-05	201.121
0.000138812	233.682
0.00015103	195.615
0.000145903	253.812
0.000166179	229.781
8.53214e-05	235.977
0.000232105	277.115
0.000191526	271.425
0.000182284	219.681
3.69605e-05	378.354
0.000151303	278.828
0.000153537	230.563
0.000151542	305.5
0.000143531	313.92
0.000127697	294.369
0.000126675	272.159
0.000115648	328.665
0.000112764	303.192
0.000103461	296.29
0.00010371	310.305
9.73891e-05	325.846
8.52845e-05	257.208
7.80362e-05	251.313
4.62598e-05	384.241
3.71194e-05	338.795
4.24777e-05	299.356
7.26422e-05	341.906
9.79066e-05	290.953
0.0001276	211.218
2.77067e-05	300.26
0.000172219	319.131
0.000142137	264.612
0.000134046	271.998
0.000115425	299.563
0.000108655	304.965
0.000104869	332.189
0.00010479	320.348
9.37551e-05	329.575
4.5933e-05	330.032
0.000274982	148.935
6.32785e-05	300.34
7.84477e-05	363.782
7.45507e-05	302.32
8.21125e-05	362.743
0.000111022	300.96
6.27119e-05	306.975
0.000132431	275.373
0.000125473	318.818
5.82126e-06	381.68
2.49517e-05	330.304
1.65678e-05	358.06
3.48274e-05	356.264
4.38529e-05	329.28
5.25101e-05	387.883
6.10537e-05	340.496
6.22004e-05	307.226
7.03601e-05	308.341
0.000109196	222.811
0.00010863	206.575
0.000126056	253.4
0.000135068	218.712
4.51016e-05	274.607
7.23184e-05	303.092
0.000138789	295.433
0.000195496	290.088
0.000159804	312.303
0.000250312	251.12
0.000186087	282.437
0.00024947	214.451
7.35672e-05	301.688
0.000183728	240.186
0.000227218	191.069
1.57512e-05	388.113
2.31132e-05	391.596
3.90167e-05	353.164
5.3603e-05	381.194
9.84372e-05	339.909
0.000116908	300.688
0.00014896	225.093
0.000171721	213.238
6.53112e-05	294.119
0.000206086	225.124
6.20327e-05	313.938
0.000113473	198.333
0.000219167	269.461
0.00014321	323.376
0.000159511	256.425
0.000137322	286.89
8.55978e-05	279.315
0.00014262	224.765
0.000146544	253.98
0.000110898	318.981
2.19343e-05	378.537
3.04064e-05	370.17
0.000188727	304.727
0.000136106	285.554
0.000117435	346.416
0.000119048	310.048
0.000117798	344.196
8.27211e-05	354.205
6.11409e-05	325.623
4.89906e-05	335.691
0.00019339	299.73
0.000184386	226.745
0.000183446	196.79
0.000179754	316.838
0.00017853	213.43
0.000156241	331.521
0.000135417	316.639
0.000122144	292.331
0.000104847	297.873
6.2643e-05	358.417
4.91987e-05	303.723
5.35075e-05	288.427
9.44249e-05	291.504
0.00010638	313.338
0.000109871	334.256
7.8906e-06	344.038
2.46346e-05	337.827
2.17718e-05	325.754
6.07858e-05	305.307
7.86142e-05	304.746
9.40589e-05	212.825
0.000111429	256.543
0.000126853	238.643
2.76042e-05	342.198
2.97928e-05	335.572
6.07437e-05	286.288
3.62931e-05	341.317
3.63362e-05	340.543
0.000130239	261.107
0.000171008	276.432
0.000202176	236.791
0.000207806	285.096
0.000218053	253.76
9.5789e-05	283.724
0.000275062	250.066
7.17088e-05	305.178
8.70039e-05	269.475
0.000102257	274.092
4.37623e-05	339.145
4.07711e-05	345.504
5.37454e-05	368.608
7.80767e-05	348.901
7.66515e-05	338.74
8.28131e-05	346.193
8.69377e-05	378.656
9.57338e-05	329.786
9.71674e-05	387.11
0.000110363	362.515
0.000150192	304.722
2.84356e-05	357.403
7.80667e-05	229.759
0.000115693	227.879
0.000173729	315.12
0.000150647	304.925
0.00021441	252.657
0.000204785	284.613
0.000163205	336.27
4.30324e-05	344.942
4.91153e-05	332.011
3.59892e-05	360.002
2.62096e-05	353.067
2.90269e-05	362.955
0.000168556	257.288
0.000137728	266.079
0.000134824	304.257
0.000135731	316.744
0.000104413	377.544
0.000100348	324.346
8.85299e-05	393.562
9.33435e-05	392.941
7.12715e-05	368.473
7.94815e-05	392.171
7.37945e-05	380.722
5.03117e-05	333.907
0.000100308	319.308
2.23495e-05	308.041
2.31696e-05	308.081
0.000172005	278.839
0.00016119	287.849
0.000155422	215.404
0.000122524	284.598
5.54414e-05	296.776
4.77626e-05	292.181
3.21883e-05	314.904
4.60589e-05	314.965
2.4225e-05	318.553
5.09752e-05	282.529
6.50408e-05	282.632
0.000121229	279.559
5.88793e-05	294.3
9.45917e-06	358.659
3.1807e-05	342.082
2.7978e-05	342.492
3.37983e-05	337.243
5.012e-05	341.199
5.10383e-05	345.994
6.72518e-05	300.147
7.10087e-05	326.068
9.83781e-05	229.616
0.000135034	226.848
4.20167e-05	269.641
0.000130741	250.85
0.00022937	284.367
9.6902e-05	254.727
0.000288766	216.656
3.81375e-05	324.073
6.89587e-05	393.226
6.71161e-05	372.525
7.21591e-05	346.932
7.8729e-05	406.733
7.83451e-05	327.762
9.30969e-05	374.024
9.7389e-05	377.603
0.000100829	353.015
0.000118957	365.013
0.000124005	352.368
0.000134032	321.245
0.000137021	309.888
4.78146e-05	325.062
6.3906e-05	338.689
6.83203e-05	398.672
6.40479e-05	367.424
0.000128203	175.767
6.83733e-05	368.609
0.000113258	295.51
0.000146329	250.557
0.000102516	301.218
0.000112915	307.473
1.96268e-05	304.002
1.64661e-05	319.38
1.33274e-05	308.396
4.97191e-05	356.635
5.2164e-05	363.569
4.27669e-05	314.466
0.000256683	238.119
0.00016084	315.354
0.000139614	307.341
0.000140009	285.517
0.000130045	290.861
9.08679e-05	301.741
9.28292e-05	331.512
8.10325e-05	281.144
6.6938e-05	330.635
6.30316e-05	305.42
3.08574e-05	334.977
6.20304e-05	320.882
0.000118967	330.968
0.000113233	347.984
0.000102578	322.367
7.44668e-05	268.34
2.07157e-05	322.026
1.12028e-05	316.09
4.93414e-06	316.766
4.39551e-05	288.876
2.86284e-05	297.757
0.000241553	237.682
0.000195347	280.903
0.000176327	260.846
0.00016598	293.676
0.000147508	307.827
0.000146367	252.22
0.000126385	313.402
8.66501e-05	257.076
6.56411e-05	281.874
5.40591e-05	285.491
5.83988e-05	285.096
0.000155057	274.851
7.22998e-05	279.14
6.38859e-05	278.942
8.51709e-05	248.134
2.02641e-05	306.946
1.96592e-05	313.195
1.97428e-05	310.921
5.54884e-05	325.741
4.79867e-05	340.21
5.79309e-05	367.588
9.58994e-05	272.042
8.60811e-05	293.925
0.000117976	210.915
0.000146303	237.926
4.74678e-05	243.27
6.27369e-05	242.734
0.000163632	185.967
1.14115e-05	331.451
3.97627e-05	323.753
7.68661e-05	354.244
7.58167e-05	335.239
8.28919e-05	298.798
8.9878e-05	312.164
9.20546e-05	339.378
0.000121899	332.115
0.000133722	303.246
0.000141544	318.535
0.000146367	301.921
4.57682e-05	314.059
3.81061e-05	319.223
0.000206204	284.96
0.000146836	265.862
0.000100015	348.291
8.68548e-05	345.303
0.000134142	275.172
0.00018742	293.541
9.11148e-05	339.11
9.89327e-05	360.281
6.94194e-05	396.473
0.000183758	271.147
8.96207e-05	328.62
9.06192e-05	328.716
0.000239392	159.296
0.000232537	153.506
0.000171163	196.283
0.000122673	316.456
1.05409e-05	329.296
5.05602e-05	311.712
4.32598e-05	266.68
3.04822e-05	298.921
2.67033e-05	288.473
0.000238388	232.528
0.000194401	287.686
0.00019941	263.177
0.00018666	259.523
0.000167073	319.678
0.000156384	325.825
0.00013895	331.878
0.000121622	315.114
0.000104961	354.46
9.58454e-05	335.076
7.99113e-05	310.041
7.68955e-05	321.252
5.37523e-05	280.558
5.2462e-05	299.171
3.52439e-05	295.986
5.05173e-05	309.135
0.000124852	312.284
7.61579e-05	361.921
0.000147827	307.603
0.000137955	292.083
0.000127592	301.089
0.000107783	269.859
7.64997e-05	326.236
8.05494e-05	363.036
5.40591e-05	381.264
1.91118e-05	284.972
1.59008e-05	287.138
4.08087e-05	276.845
4.72941e-05	277.011
3.43479e-05	313.712
2.47163e-05	282.023
0.000236848	241.802
0.000237766	233.42
0.000229219	242.245
0.000211542	257.085
0.000219643	258.785
0.000203639	222.827
0.000199762	212.606
0.000191059	298.176
0.000172622	226.602
0.000178476	297.057
0.00016188	278.381
0.000166898	308.786
0.00015388	311.54
0.000143852	331.83
0.000127083	318.417
0.000122683	318.003
0.0001081	313.261
7.74356e-05	281.244
6.92535e-05	284.562
6.74524e-05	268.793
9.46389e-05	223.427
1.96358e-05	320.335
3.70018e-05	324.645
6.49263e-05	304.936
7.49726e-05	288.254
7.16539e-05	309.146
7.54315e-05	296.717
8.29863e-05	283.632
8.65725e-05	263.988
0.000129352	181.074
0.000120373	264.419
0.000130399	192.124
2.75149e-05	301.749
5.06212e-05	235.17
0.000132077	192.25
6.47881e-05	207.463
8.0102e-05	262.68
1.35091e-05	365.209
4.42394e-05	381.102
9.32238e-05	324.853
0.000117619	324.295
0.000126114	308.25
0.00013126	322.749
0.000138128	347.579
0.000148934	287.035
2.8376e-05	340.201
0.000219365	281.304
0.000171092	268.525
0.000202701	259.158
8.61614e-05	354.599
9.79618e-05	346.913
0.00017773	266.973
0.00014664	218.555
9.08476e-05	264.251
0.000156829	201.603
0.000108928	305.446
2.75667e-05	332.713
3.87189e-05	349.214
4.96779e-05	306.437
4.62239e-05	291.392
4.45638e-05	304.371
3.15846e-05	345.365
4.00737e-05	355.275
0.000262707	259.242
0.000247495	253.19
0.000211521	261.451
0.000146367	262.53
0.00013054	317.532
0.000110909	347.205
0.00010846	326.19
8.25894e-05	317.068
7.61061e-05	326.184
4.37138e-05	355.834
0.000112835	343.831
0.00014221	224.377
0.000208412	192.464
0.000157304	252.026
0.000152767	233.203
0.00018755	278.135
0.000147533	271.191
0.000154268	286.123
0.000222542	292.102
0.000149264	282.985
0.000152107	282.791
4.79834e-05	247.174
4.19104e-05	260.968
0.000237049	266.013
0.000204888	232.963
0.000195848	272.843
0.000163242	273.242
0.000162082	270.334
0.000133795	262.282
0.000125678	292.937
0.000125008	279.467
0.00011615	264.768
0.000111366	292.951
9.02129e-05	273.77
8.33094e-05	238.525
3.32758e-05	259.393
1.03374e-05	271.33
5.81426e-06	314.596
1.26686e-05	322.582
2.82755e-05	294.72
3.13744e-05	299.817
4.45876e-05	270.518
7.81251e-05	255.775
0.000106536	240.63
0.000157641	149.733
8.24041e-05	204.519
0.000123793	193.368
9.18433e-05	195.04
0.000179772	195.773
5.1231e-05	349.167
6.85759e-05	354.753
7.32265e-05	294.078
7.89193e-05	278.447
9.86611e-05	272.825
0.000113763	299.59
0.000131365	263.99
0.000143041	298.3
0.000152107	301.546
0.000176015	268.476
4.86285e-05	339.851
0.000160472	324.678
0.000108242	346.956
6.3914e-05	383.575
7.10516e-05	392.134
5.46346e-05	371.584
0.000193947	244.872
0.000166167	277.639
0.000143392	304.454
0.000111309	356.803
0.000186068	263.447
6.33902e-05	360.23
7.876e-05	352.439
0.000123175	274.281
0.000102114	304.379
8.49951e-05	293.161
5.97323e-05	347.728
0.000247445	229.738
0.000208716	195.331
0.000185094	240.755
0.000169783	254.945
0.000169366	279.113
0.000152958	221.523
0.000159537	270.399
0.000145759	295.544
0.000142181	284.916
0.000123858	285.688
0.000144276	303.639
0.000144576	287.808
0.000128919	272.595
8.64547e-05	299.218
7.92963e-05	243.951
7.99624e-05	317.074
3.269e-05	326.23
2.19848e-05	310.044
0.000103171	367.812
0.000185419	212.154
9.22268e-05	365.705
5.84957e-05	342.513
9.93307e-05	357.245
7.64457e-05	344.269
0.000107601	368.721
5.5546e-05	330.553
9.62643e-05	351.505
0.0001883	256.286
9.81608e-05	341.197
0.000158156	243.895
6.97364e-05	390.879
5.83111e-05	366.898
5.43046e-05	354.06
0.000117902	330.48
0.000204786	260.036
0.000193161	280.792
9.3864e-05	240.774
6.39561e-05	224.296
4.60589e-05	257.003
7.50964e-05	236.31
6.92811e-05	247.997
0.000108276	216.267
8.39655e-05	227.169
0.000121202	275.298
2.53756e-05	277.597
0.0001301	167.585
7.98221e-05	178.315
6.48574e-05	185.133
1.05795e-05	285.684
7.93962e-06	278.846
2.08979e-05	279.446
3.09787e-05	278.917
5.66918e-05	281.025
6.53702e-05	340.408
7.07453e-05	345.468
8.54188e-05	331.674
0.00010765	343.131
0.000102093	323.31
0.000108346	336.318
0.000110345	342.047
0.00011315	304.043
0.000121734	295.498
0.000156688	279.455
0.000164603	251.245
0.000157589	254.598
0.000169176	253.824
0.000170002	250.669
4.62759e-05	304.302
2.89109e-05	297.131
4.57952e-05	337.384
4.44183e-05	309.032
3.07292e-05	314.029
9.74483e-05	349.771
0.000133738	314.542
0.000152098	312.458
0.000105561	353.927
0.000228247	172.405
0.000111673	363.829
9.43373e-05	345.922
0.000183211	314.637
0.000121286	314.238
0.000158255	246.411
0.000154726	228.249
0.000115497	326.656
2.28025e-05	288.817
1.03615e-05	270.575
1.31403e-05	261.376
6.2808e-06	290.016
4.9992e-05	361.693
0.000156094	282.233
0.000164087	228.536
0.000145303	287.012
0.000142428	276.542
0.000114589	316.502
0.000107364	307.657
0.00010155	327.939
5.05702e-05	357.434
3.08441e-05	279.764
0.000113669	349.756
0.000134111	289.101
0.000142186	288.281
0.000145686	316.923
2.03283e-05	268.945
2.39503e-05	271.728
2.13346e-05	284.384
4.94829e-05	274.466
5.12629e-05	252.449
0.000230937	256.451
0.00020639	274.477
0.000123294	213.391
6.10616e-05	283.125
0.000103232	236.942
0.000154824	199.867
8.5514e-06	287.745
2.85761e-05	249.742
3.56788e-05	235.005
5.4027e-05	221.463
9.53482e-05	199.839
0.000107621	223.54
0.000131864	289.568
0.00014672	233.545
5.00485e-05	264.822
5.72255e-05	259.366
5.70662e-05	274.23
7.45473e-05	323.866
7.94824e-05	358.844
8.71891e-05	316.419
8.83242e-05	334.621
0.000101155	327.936
0.000102625	284.012
0.000108344	279.716
0.000136176	305.207
0.000172674	251.045
0.000174252	194.922
4.90479e-05	293.322
0.000270667	193.871
0.000135575	342.58
0.000105048	363.467
6.20321e-05	364.585
4.7055e-05	340.189
0.000168009	295.36
0.0001858	301.564
0.000108021	346.989
0.000163242	290.449
0.000186325	282.863
0.000185129	277.982
6.59675e-05	304.757
0.000172669	271.833
8.6378e-05	363.184
1.33323e-05	303.221
4.91962e-05	349.858
5.07914e-05	349.153
3.61017e-05	318.256
3.45229e-05	324.63
0.000171993	270.118
0.000164288	213.654
0.000139126	266.676
0.000155405	269.957
0.000115861	279.872
0.000101341	294.797
0.000113545	299.952
7.06407e-05	322.124
8.12059e-05	314.589
6.01446e-05	250.756
0.000177112	228.6
0.000124673	278.332
0.000142721	320.7
0.000167079	209.044
0.000120866	353.536
9.35027e-05	349.125
0.000205044	265.389
0.000173203	251.488
0.00016045	273.175
9.84131e-05	207.533
3.98369e-05	273.48
1.23905e-05	321.352
2.1263e-05	264.177
2.7987e-05	261.409
3.3722e-05	259.733
3.93887e-05	262.625
3.82925e-05	290.045
3.78911e-05	302.259
5.45782e-05	275.172
5.26889e-05	316.659
6.58264e-05	267.383
6.04738e-05	233.932
8.9876e-05	271.732
2.94644e-05	286.564
8.44496e-05	252.363
1.95664e-05	335.351
2.2218e-05	271.386
4.1531e-05	285.862
4.41451e-05	307.188
5.87114e-05	282.081
7.61735e-05	326.938
8.29121e-05	327.528
0.0001063	311.024
0.00014735	282.118
0.000151828	217.412
2.68802e-05	322.426
0.000107443	346.193
0.000144277	317.715
0.000123498	318.155
0.000163837	305.578
0.000115006	325.958
8.84232e-05	319.045
0.000149342	296.163
5.26842e-05	298.132
1.25285e-05	326.206
4.82159e-05	325.993
0.00023621	210.347
0.000231177	235.297
0.000182719	243.452
0.000156949	258.698
0.000162544	253.028
0.000123467	274.004
0.000111668	211.28
8.8557e-05	206.211
7.3493e-05	305.275
6.01693e-05	301.871
0.000234668	203.718
0.000161644	238.328
0.000104	331.133
0.00023312	218.877
0.00026564	199.829
7.67933e-05	346.037
7.11611e-05	330.885
0.00013017	269.483
7.45111e-05	258.847
3.64299e-05	319.665
8.22245e-05	263.846
0.000106506	203.166
0.000220287	226.183
0.000246434	201.226
2.37182e-05	309.62
3.04374e-05	309.684
6.42848e-05	244.191
5.61851e-05	308.456
9.41807e-05	233.512
7.9201e-05	221.176
0.000105585	145.116
6.41298e-05	303.095
6.45981e-05	317.777
6.7832e-05	295.55
6.98507e-05	308.594
7.25748e-05	312.491
0.000124544	238.018
7.15192e-05	210.562
8.28196e-05	313.706
7.64363e-05	307.99
7.95778e-05	299.537
7.876e-05	304.445
9.42597e-05	309.701
0.000103332	304.133
0.000123397	297.56
0.000143608	277.699
0.000160848	277.971
0.000158121	274.641
0.000185028	263.191
0.000229093	251.314
0.000228404	159.992
3.56548e-05	284.52
3.62854e-05	302.981
0.000123556	311.923
0.000130956	322.819
0.000165062	324.516
0.00010914	319.107
0.000141539	280.523
7.01479e-05	293.976
9.80629e-05	286.491
0.000121135	321.923
6.69806e-05	304.526
4.4552e-05	287.773
3.76052e-05	293.878
0.000252494	197.617
0.000138129	247.403
0.000140552	228.189
0.000105322	205.149
0.000102056	276.021
4.68552e-05	296.685
4.93025e-05	291.223
7.30055e-05	263.571
0.000170002	211.007
0.000232406	202.342
0.00018105	236.735
4.17358e-05	250.418
0.000191894	230.997
0.000157405	256.284
0.000138035	212.826
6.89523e-05	192.3
0.000152026	208.416
9.25847e-05	202.617
0.000111478	215.068
0.000220005	231.335
0.000102826	221.378
0.00023785	189.863
9.06742e-05	205.037
1.58354e-05	299.138
2.77719e-05	295.274
3.3981e-05	297.27
4.3224e-05	301.61
5.25377e-05	299.882
5.98381e-05	298.205
5.98953e-05	288.185
6.24036e-05	273.112
6.73623e-05	286.138
7.1258e-05	264.104
7.78358e-05	280.974
7.92952e-05	232.553
7.876e-05	225.074
7.876e-05	243.02
8.01296e-05	260.425
9.15141e-05	181.013
9.66282e-05	221.306
9.74799e-05	261.505
9.39493e-05	251.714
0.000108929	224.798
0.00012292	199.069
3.62135e-05	283.894
4.85942e-05	282.886
5.38769e-05	312.058
5.73834e-05	306.255
6.98252e-05	319.503
0.00010653	253.246
0.000104184	263.732
6.96694e-05	301.201
6.27661e-05	291.878
7.14532e-05	327.716
0.000114681	228.282
0.000125916	227.91
2.45784e-05	290.858
2.89925e-05	290.925
4.20837e-05	278.537
4.24797e-05	296.568
6.42841e-05	289.453
0.000101008	150.236
0.000123783	312.837
0.00012534	211.651
0.000128689	281.884
0.000145646	270.785
0.000212581	232.339
0.000225414	257.062
0.00021764	244.758
2.78838e-05	300.563
2.3442e-05	289.429
3.56271e-05	277.706
0.000115839	274.991
0.000198622	226.422
0.000113763	295.017
5.84437e-05	302.938
0.000113155	290.664
0.000112007	283.391
0.000121974	319.241
0.000184301	302.309
5.18289e-05	264.977
3.69111e-05	261.238
0.000121614	241.101
9.92555e-05	252.24
8.43736e-05	270.141
7.1328e-05	283.711
5.7814e-05	242.786
5.0702e-05	278.545
0.000138129	212.489
0.000130489	213.638
0.000127751	225.284
9.16477e-05	276.398
6.91485e-05	325.706
5.39526e-05	326.699
4.08433e-05	289.748
0.000154976	232.18
2.8536e-05	306.33
7.79845e-05	260.137
4.42586e-05	290.764
9.77012e-05	207.621
0.000125943	155.39
4.56986e-05	358.239
4.86922e-05	271.146
0.000163989	209.172
0.000140857	192.341
0.000125009	224.399
0.000140217	180.36
1.61659e-05	276.559
5.85618e-05	278.106
6.31055e-05	271.04
0.000104129	274.347
0.000122843	211.267
0.000144636	299.175
0.000156668	268.752
0.000183219	262.941
0.000149286	240.118
9.1775e-05	286.951
0.000180715	223.723
6.0794e-05	309.373
0.000213862	214.846
0.000126302	304.654
0.000143422	287.395
2.35242e-05	262.207
4.21919e-05	279.581
5.27833e-05	269.63
9.78655e-05	188.501
9.27994e-05	278.573
8.56122e-05	266.488
7.76916e-05	282.874
7.16033e-05	282.127
6.68172e-05	252.598
5.97474e-05	306.15
9.58454e-05	270.925
6.67402e-05	287.617
0.000115047	263.923
0.000109882	250.089
6.02462e-05	284.343
7.05089e-05	310.899
7.42869e-05	291.302
9.55708e-05	300.158
8.64264e-05	285.891
0.000163197	259.483
1.29413e-05	260.6
6.69992e-06	269.366
4.73735e-05	249.594
5.85874e-05	320.45
2.97075e-05	264.167
0.000243893	187.141
0.000183973	197.69
4.94302e-05	340.571
0.000317588	135.251
1.96964e-05	341.886
3.2143e-05	291.353
3.8693e-05	302.156
4.80706e-05	304.219
9.09232e-05	223.545
0.00014158	161.194
4.07411e-05	315.93
6.19351e-05	319.657
0.000116074	287.734
6.34107e-05	318.76
0.000162577	184.309
3.85643e-05	240.681
3.87467e-05	260.95
4.86385e-05	277.224
4.13152e-05	300.785
5.96576e-05	309.266
4.50887e-05	302.133
9.42689e-05	277.241
8.81724e-05	261.421
0.000126549	250.705
0.000217277	247.247
0.000209188	290.98
0.000250101	237.977
6.47206e-05	277.211
0.000138214	265.944
0.000189436	255.692
0.000101041	290.808
4.56934e-05	265.129
2.7519e-05	242.281
9.37213e-05	285
8.24794e-05	269.951
7.39249e-05	291.97
6.66374e-05	315.535
6.51428e-05	273.021
3.34307e-05	252.485
7.4335e-05	280.56
0.000136929	250.553
6.58409e-05	313.211
8.60775e-05	273.929
5.68e-05	197.898
5.52856e-05	266.556
3.75122e-05	267.019
4.77871e-05	363.076
0.000120379	287.992
9.60974e-05	346.417
0.000136779	270.583
8.95037e-05	275.236
0.000103444	273.636
2.28092e-05	313.485
2.26285e-05	333.827
3.25242e-05	316.998
3.7721e-05	330.686
4.48222e-05	312.241
5.03129e-05	339.909
5.61768e-05	336.766
6.28459e-05	333.606
6.69664e-05	347.394
8.06234e-05	356.007
8.77576e-05	280.667
9.83153e-05	266.001
0.000120066	230.516
0.00011466	339.563
0.000120502	365.38
0.000122643	304.294
0.000136332	264.44
0.000132232	360.591
0.000134111	342.169
0.000146318	107.705
3.89792e-05	329.889
4.15753e-05	321.666
4.69918e-05	318.817
3.86481e-05	333.066
2.76218e-05	317.206
3.46103e-05	332.728
8.53009e-05	293.663
7.61378e-05	277.772
7.876e-05	267.159
2.28411e-05	217.492
3.01333e-05	268.834
4.57758e-05	303.023
6.12425e-05	288.186
6.64944e-05	295.684
6.56622e-05	286.571
8.06285e-05	290.457
8.41916e-05	276.985
0.000103302	281.49
0.000116584	245.144
0.000131154	209.218
0.000146881	244.59
0.000149887	244.081
0.000165694	266.292
0.000178354	229.452
0.000200629	230.174
0.000194006	246.973
0.000210904	227.926
0.000208107	260.97
4.99665e-05	241.684
4.20266e-05	249.434
4.85062e-05	259.757
0.000106233	265.674
6.84385e-05	263.439
5.80791e-05	248.506
8.80926e-05	278.301
7.89512e-05	275.095
0.000105507	265.317
8.37797e-05	300.996
2.00095e-05	210.055
1.26869e-05	246.797
0.000142555	262.036
0.000120439	246.447
0.000109727	284.103
9.21677e-05	270.059
4.34969e-05	237.324
0.000118151	208.706
0.000155525	238.214
0.000125241	252.827
0.000122316	241.416
0.000149438	228.398
2.1363e-05	239.56
1.98599e-05	282.059
2.13094e-05	316.08
4.35618e-05	244.778
4.30343e-05	294.324
0.000239391	209.891
0.000179616	240.068
0.000174503	208.737
0.000171203	252.871
0.000141426	215.164
9.65872e-05	163.988
8.00358e-05	247.291
7.78859e-05	160.788
2.94727e-05	311.068
0.000197634	217.723
6.59377e-05	329.479
7.64227e-05	330.088
9.09124e-05	329.356
0.000142794	261.01
0.000122043	222.604
7.57548e-05	325.699
8.55684e-05	330.799
1.34098e-05	314.848
3.24331e-05	327.927
4.50624e-05	301.69
5.18695e-05	339.394
4.5583e-05	339.321
5.03105e-05	335.558
6.94436e-05	312.945
6.4123e-05	340.941
7.41999e-05	325.439
9.45821e-05	298.587
0.000105543	298.173
0.000111961	249.549
0.000116385	272.928
0.000117762	272.513
0.00011743	292.519
0.000124506	289.661
0.000130184	308.594
0.000164137	193.178
4.78395e-05	329.239
6.05044e-05	342.72
8.86933e-05	309.061
0.000119055	260.157
0.000177413	242.638
0.0002061	279.787
5.59588e-05	309.031
6.91285e-05	339.196
0.000103833	272.469
0.000128001	267.957
0.000135442	286.971
8.07907e-05	322.66
0.000216364	253.347
9.03049e-05	281.032
9.34042e-05	295.495
7.19847e-05	346.574
0.000103507	310.45
3.10827e-05	329.414
2.9803e-05	260.566
5.84462e-05	340.645
9.73891e-05	237.467
0.0001359	246.361
0.000164286	191.391
0.000168016	205.71
0.000241533	197.231
0.000240458	211.671
3.27625e-05	240.456
4.43021e-05	283.516
0.000102314	290.038
8.3147e-05	278.331
6.621e-05	268.768
2.90991e-06	322.398
0.000196831	249.036
0.000155813	258.177
0.000106152	253.178
0.000108665	261.055
4.54393e-05	273.122
3.45082e-05	246.737
6.93111e-05	267.432
7.7591e-05	234.493
0.000222345	179.398
0.00015569	231.765
0.000188685	235.933
6.40809e-05	285.191
0.00018063	203.944
1.67517e-05	264.258
0.000239947	185.954
0.000229957	171.582
0.00012581	199.771
7.75761e-05	175.996
0.00015117	213.138
0.000176348	240.838
0.000114902	296.686
0.000110334	312.292
0.00015068	231.728
0.000116991	305.604
0.000113763	289.659
1.61174e-05	284.434
2.71775e-05	308.494
2.56397e-05	316.04
3.42189e-05	317.167
4.71392e-05	360.715
5.28803e-05	335.087
8.82598e-05	319.02
9.38978e-05	225.24
0.000125549	224.658
0.000137505	204.652
0.000143232	226.11
0.000149164	283.893
0.000161799	229.096
3.00356e-05	326.981
0.000108387	290.371
0.000204574	301.053
8.87638e-05	331.191
0.000158748	227.381
0.000196648	280.99
0.000105672	323.917
0.000126434	250.622
5.56458e-05	354.578
7.01188e-05	344.581
0.000105765	264.412
2.15368e-05	324.039
4.2655e-05	331.136
9.80136e-05	191.381
0.000123784	239.097
0.000132075	203.726
0.000134111	230.928
0.000154974	196.954
0.000222378	187.867
0.000247532	186.97
0.000251623	205.388
0.000319023	232.803
4.58375e-05	306.952
8.81432e-05	290.613
7.60963e-05	258.394
0.000114976	228.883
0.000107795	281.577
0.000105768	199.032
9.48108e-05	248.031
8.69333e-05	197.476
7.57067e-05	238.243
0.000136314	285.447
6.19007e-05	252.474
0.000131735	240.448
8.02486e-05	288.659
0.000131677	248.322
7.30873e-05	314.031
0.000151542	210.013
0.000120866	270.612
4.2245e-05	208.241
3.46434e-05	199.752
0.000185711	211.186
0.000152837	304.704
0.000141332	307.427
0.00015939	296.856
0.000179821	202.563
0.000162548	285.343
8.38652e-05	307.783
0.000171204	258.461
1.5057e-05	388.871
4.82075e-05	273.363
5.70397e-05	336.799
8.50989e-05	246.972
9.96632e-05	227.909
0.000104403	260.938
0.000117344	230.053
0.000136812	263.308
0.00015246	177.528
0.000150531	190.21
0.000195587	220.854
0.000190046	189.361
8.38358e-05	337.003
0.000124251	258.424
0.000167526	259.443
0.000183506	252.997
0.000166309	208.769
9.84626e-05	311.202
7.66743e-05	306.961
7.54973e-05	296.928
0.00013358	243.895
0.000147174	236.56
8.86191e-05	296.171
6.94432e-05	292.69
5.23931e-05	312.807
5.16195e-05	269.824
6.93473e-05	295.89
0.000126404	238.81
0.000276876	215.368
0.000280457	203.967
0.000292964	222.069
3.35711e-05	331.17
4.84552e-05	305.576
4.04805e-05	297.414
0.000102923	297.438
8.14441e-05	338.664
7.61377e-05	303.069
6.02899e-05	308.245
5.77594e-05	302.563
0.000261725	196.194
0.000189348	250.066
0.000188727	236.718
0.000173722	235.485
0.000173806	255.092
0.000171203	227.26
0.000154256	227.425
0.000149272	226.945
0.000138101	230.891
0.000130655	250.585
0.000121582	256.814
0.000128943	227.601
0.000120866	238.459
7.08269e-05	289.793
4.5939e-05	358.273
3.3722e-05	352.967
0.000109994	261.446
0.000138733	229.735
5.44695e-05	365.215
0.000107022	272.588
5.16683e-05	350.178
2.49104e-05	355.375
1.83158e-05	347.603
4.29631e-05	347.282
3.97597e-05	372.903
0.000143579	276.897
0.000113514	233.465
7.92969e-05	194.865
6.41745e-05	172.687
3.91469e-05	266.458
4.5987e-06	163.142
5.85468e-05	210.206
5.81362e-05	194.209
7.03365e-05	191.683
0.000134708	209.437
0.000175176	146.763
0.000180498	182.205
4.92183e-05	240.394
5.80935e-05	257.351
6.89279e-05	222.126
8.20536e-05	304.863
9.18748e-05	296.711
0.000111486	303.56
0.000127466	272.98
0.000140208	219.519
0.000173508	269.716
0.000164069	210.816
0.000173636	300.708
0.000238596	255.515
0.00025472	272.723
0.000241734	170.587
0.0002777	259.951
2.2346e-05	244.67
9.53262e-05	276.351
0.000163654	203.578
0.000158696	279.946
0.000272929	259.631
0.00017306	257.238
0.000186148	270.969
3.50679e-05	323.705
7.52514e-06	229.515
0.000149935	236.018
0.000140274	242.476
0.000123106	158.192
0.000119072	243.244
0.000112685	255.913
9.89325e-05	257.393
8.41736e-05	295.747
3.16891e-05	322.896
2.58943e-05	321.185
0.00013806	214.564
6.59291e-05	317.436
2.15694e-05	184.049
0.000135586	212.244
0.000120434	213.803
0.000101486	225.334
0.000110333	235.694
5.8833e-05	153.927
8.43618e-05	227.268
0.000285863	226.167
8.80709e-05	200.106
8.19433e-06	314.073
2.01605e-05	314.976
2.41714e-05	303.778
3.13962e-05	316.778
4.80982e-05	353.315
6.56084e-05	280.153
0.000108085	295.537
9.7136e-05	288.272
0.000119048	258.388
0.000139135	256.659
0.000133607	215.247
2.56879e-05	335.685
6.31707e-05	327.758
8.64375e-05	339.564
0.000111928	246.382
0.000122218	241.174
0.000117442	264.576
0.000109375	256.698
1.98273e-05	335.541
5.77773e-05	336.4
5.27873e-05	335.459
5.92177e-05	309.165
7.70622e-05	310.605
8.9223e-05	322.924
8.69442e-05	352.941
9.58454e-05	285.783
0.00012671	279.238
0.000132139	280.396
0.000143615	250.667
0.000153259	214.101
4.1582e-05	298.888
4.08458e-05	326.516
3.64444e-05	345.384
2.3155e-05	310.171
2.17765e-05	307.091
0.000224529	204.487
0.00020026	209.771
0.000143695	257.569
0.000128482	298.881
6.47468e-05	274.697
6.19308e-05	313.933
0.000125671	220.739
0.000105519	236.793
3.69769e-05	302.062
0.000169651	266.317
0.00018345	158.898
0.000166939	214.838
0.000159538	246.726
0.000134632	267.5
0.000141009	249.429
0.000136201	192.02
0.000136475	256.419
0.000110561	250.554
8.91383e-05	318.448
5.64616e-05	338.057
7.87755e-05	291.508
8.80002e-05	301.121
0.00015786	284.264
0.000155604	295.066
0.000227355	215.121
7.16533e-05	318.549
0.000111169	335.607
2.97363e-05	340.023
3.58781e-05	333.974
7.29649e-05	300.566
0.000102952	276.378
0.000111152	290.183
0.000116681	269.821
0.000147658	239.742
0.000145562	238.373
0.000153369	248.343
2.64239e-05	331.775
4.04323e-05	327.993
3.64766e-05	339.204
0.000150783	254.189
0.000161849	295.877
0.00019954	260.207
0.000335929	136.453
0.000198743	257.506
0.000202176	237.682
0.000272735	236.612
7.33164e-05	316.851
7.84662e-05	351.784
8.41627e-05	365.731
0.000103459	327.644
0.000114494	323.102
0.000121831	315.31
0.000123779	306.713
0.00013336	239.724
0.000135821	307.495
0.000138101	296.534
4.6081e-05	300.792
0.000133105	190.669
7.53005e-05	169.26
6.52757e-05	309.385
6.10976e-05	330.78
0.000157467	220.18
0.000137591	204.512
9.35313e-05	309.282
0.000145579	201.815
0.00018231	234.868
5.4998e-05	306.112
3.78782e-05	345.985
3.59002e-05	354.412
0.000295745	154.941
0.000189499	222.106
0.000182998	234.66
0.000176899	274.109
0.000130053	293.637
0.000122054	269.394
9.14006e-05	264.928
8.33165e-05	302.439
7.25325e-05	299.491
5.45642e-05	268.404
3.81239e-05	318.704
0.000147521	272.98
7.75193e-05	232.549
2.00444e-05	322.788
2.72827e-05	341.091
4.69962e-05	346.359
3.89228e-05	331.852
0.000197445	177.698
0.000159511	177.622
7.22e-05	355.069
4.17805e-05	346.098
3.44677e-05	285.471
3.19533e-05	345.194
3.30171e-05	333.936
0.000180833	273.984
0.000142687	301.7
5.27309e-05	289.906
0.000212962	264.519
2.55353e-06	387.633
1.88402e-05	388.1
4.48478e-05	367.637
4.29991e-05	350.936
4.48629e-05	334.932
6.51671e-05	311.381
7.41002e-05	297.315
7.41001e-05	279.246
0.000101443	294.271
0.000104458	272.784
0.000154511	300.696
0.00017724	263.193
0.000179681	248.067
0.00018105	194.901
0.000199789	246.975
0.000252056	171.392
4.20923e-05	348.409
5.20993e-05	301.497
0.000114529	320.384
0.000157121	289.487
0.000173728	264.031
7.93092e-05	322.602
0.000146407	281.961
0.000218321	236.829
9.83513e-05	328.523
8.59127e-05	319.607
0.000332321	216.653
2.7669e-05	391.516
5.0992e-05	380.311
5.55771e-05	375.157
7.32526e-05	321.412
8.092e-05	338.741
8.14441e-05	374.852
0.000126426	317.171
0.000128308	304.195
0.000134928	314.714
0.000152675	322.292
0.000145322	318.033
0.000153909	313.488
0.000154966	291.376
4.39459e-05	251.816
8.31209e-05	302.031
7.39194e-05	248.556
0.000103104	292.189
0.000153404	199.618
5.86751e-05	331.953
0.000105042	285.311
8.77731e-05	312.068
0.000157161	200.854
4.66769e-05	261.217
3.77411e-05	356.285
2.64804e-05	348.514
0.000189998	201.159
0.000159547	249.51
0.00014019	276.32
7.63471e-05	241.294
5.29893e-05	284.401
0.000100529	218.739
0.000179292	208.576
0.000135114	160.496
0.000148398	299.011
0.000133545	277.362
0.000118369	294.334
0.000116162	270.755
8.81769e-05	312.413
8.85327e-05	324.021
7.61318e-05	316.119
6.54679e-05	320.978
3.89997e-05	347.92
0.000162433	254.712
0.000215004	270.305
0.000141676	299.847
0.000195699	287.02
0.000101041	314.344
9.99046e-05	317.23
0.00012493	316.808
0.000204466	295.917
8.35558e-05	310.135
0.000100445	318.552
8.0102e-05	309.909
1.18117e-05	331.2
3.23384e-05	348.552
3.43979e-05	341.298
3.96224e-05	344.618
4.11568e-05	318.315
4.76715e-05	336.791
7.10204e-05	284.764
9.48075e-05	279.827
0.000110776	245.822
0.000108602	245.415
0.000236757	203.725
0.000183529	253.196
0.000206007	224.832
0.000188663	233.862
0.000130487	287.039
0.000109964	292.763
8.5701e-05	278.873
0.000194204	176.045
1.88315e-05	341.886
3.79899e-05	345.142
5.82036e-05	303.496
6.15575e-05	379.408
6.64647e-05	360.727
6.97059e-05	369.021
8.84652e-05	363.621
9.92917e-05	332.613
0.000105647	328.844
0.000113555	339.532
0.000127862	329.54
0.000149808	267.675
0.000157621	292.424
9.47841e-05	235.184
8.04599e-05	338.091
0.00011199	269.605
1.85789e-05	282.035
5.30273e-05	241.571
5.21096e-05	349.449
3.71128e-05	347.564
0.000185918	236.053
0.000142759	270.551
0.000126749	321.003
0.00013859	274.919
8.95302e-05	327.425
7.43334e-05	355.103
6.70273e-05	347.88
5.84526e-05	332.468
0.000158186	161.131
8.87579e-05	241.627
4.31957e-05	349.869
0.000105192	288.326
0.000106014	378.338
0.000102093	356.273
9.70803e-05	256.428
7.71439e-05	274.398
5.17521e-05	352.192
4.91399e-05	343.583
0.000139654	279.034
5.3592e-05	349.218
0.000213016	271.9
0.000103877	338.385
0.000168836	284.847
3.18388e-05	322.274
5.29005e-05	319.173
6.02202e-05	327.633
5.63061e-05	336.622
8.9559e-05	288.395
8.4852e-05	274.913
9.3942e-05	273.548
3.87644e-05	328.139
8.83767e-05	328.684
0.000111643	314.309
0.000138101	319.038
0.000142186	296.6
7.39678e-05	294.059
0.000123716	304.502
0.000131185	301.98
6.28839e-05	321.89
0.000130973	284.934
9.0547e-05	316.668
0.000117273	297.342
0.00011575	305.818
0.000178434	210.696
0.000152141	208.484
0.000165291	242.631
0.000138054	210.49
0.000136106	220.119
2.93517e-05	320.258
5.1667e-05	313.425
9.5093e-05	297.801
0.000117464	310.399
0.000112028	375.223
0.000126902	295.786
0.000142218	298.284
0.000148458	297.835
0.000164537	298.366
0.000102501	243.206
7.5273e-05	285.092
7.22999e-05	286.686
5.84002e-05	335.208
0.000101633	330.965
5.00133e-05	326.52
4.00996e-05	319.043
3.1546e-05	351.466
0.000168824	285.557
0.000162308	255.727
0.000140087	299.699
0.000123254	335.226
8.43759e-05	293.914
7.86136e-05	339.906
5.83111e-05	286.731
5.34078e-05	281.136
4.41775e-05	295.322
0.000154844	187.125
8.1351e-05	250.878
9.68706e-05	245.887
3.44846e-05	348.98
0.000151519	320.085
0.000145321	291.861
0.000126329	360.874
0.000120518	338.951
0.00012034	358.777
0.000115498	351.488
0.000113763	335.215
9.07087e-05	325.409
7.54683e-05	332.597
7.87178e-05	268.823
7.74858e-05	267.979
3.4296e-05	329.766
6.54717e-05	322.964
3.40877e-05	332.758
9.10531e-05	274.069
0.000158122	247.411
0.000242261	223.82
0.000233329	270.319
9.5981e-05	347.393
8.58651e-06	350.455
3.16606e-05	335.475
1.6788e-05	352.772
4.9632e-05	326.719
9.13183e-05	257.316
0.000106389	272.342
0.000112989	288.763
0.000121743	268.187
0.000130645	247.949
0.000143152	239.612
0.000210603	236.04
0.000226272	199.451
7.32964e-05	300.807
0.000128784	262.103
0.000103711	301.456
6.86188e-05	309.801
7.87776e-05	302.719
0.000103711	296.582
0.000100581	305.06
6.98758e-05	310.978
8.03561e-05	315.621
0.000139463	286.911
9.91719e-05	311.407
9.3858e-05	301.444
1.44188e-05	312.738
3.0081e-05	315.276
2.94585e-05	326.631
5.33743e-05	344.712
6.24412e-05	340.441
7.03414e-05	353.379
8.47492e-05	314.909
9.82658e-05	300.621
8.45574e-05	308.483
9.2254e-05	341.416
0.000140777	321.483
0.000151544	309.84
0.000164577	297.145
5.21858e-05	230.458
0.000117281	297.843
0.000118355	339.148
0.000101655	314.513
0.000192887	226.16
0.00016726	290.162
0.000143964	273.868
0.00011511	280.113
8.37894e-05	240.021
7.0791e-05	179.329
3.20757e-05	250.178
7.54296e-05	252.669
3.7335e-05	329.864
5.21155e-05	338.499
3.92151e-05	335.133
3.80072e-05	335.784
0.000271543	154.643
0.000164829	201.193
0.000145609	280.306
0.000146841	318.351
0.000126307	338.543
0.000137322	278.493
0.000125772	326.583
0.000115678	332.189
0.000114766	304.005
9.88933e-05	320.185
8.85367e-05	323.392
7.21248e-05	327.78
5.96201e-05	348.239
0.000173058	291.812
7.49959e-05	306.17
6.42726e-05	294.693
7.68694e-05	293.864
0.00026453	245.929
2.10362e-05	298.703
3.65952e-05	303.786
5.72755e-05	292.243
6.09791e-05	323.215
0.000102657	274.841
0.000153514	251.523
0.00017662	246.092
0.000180207	230.308
2.70797e-05	312.795
0.000175189	235.422
0.000162552	265.706
0.000140143	229.086
0.000205383	245.716
4.99363e-05	308.349
5.19115e-05	323.043
5.81818e-05	319.799
6.75984e-05	313.08
9.15738e-05	300.994
8.77828e-05	320.551
9.35538e-05	262.087
9.95428e-05	312.903
0.000118623	326.469
0.000128308	299.727
0.000147772	267.732
0.000120268	253.968
8.07308e-05	364.095
0.00013535	279.86
7.14621e-05	333.211
0.000189591	314.472
0.000133234	286.69
0.000174669	300.037
0.000152483	292.303
0.000172957	290.711
5.21128e-05	216.295
0.000233418	213.014
0.000164137	174.377
0.00015248	271.147
0.000132952	266.196
6.94091e-05	277.818
7.45017e-05	202.686
3.01188e-05	298.602
6.96366e-05	210.052
0.000109458	235.19
7.23246e-05	354.843
7.10083e-05	355.112
3.31926e-05	255.433
0.000127138	321.195
0.000107535	334.077
9.45139e-05	337.651
0.000102937	344.457
0.000100794	319.379
9.24333e-05	310.212
7.89207e-05	277.687
3.52605e-05	334.645
6.56147e-05	314.292
7.87167e-05	305.708
0.000220354	249.935
0.000201164	240.776
0.000108683	242.354
4.89748e-06	331.194
1.86305e-05	296.366
4.77845e-05	288.585
5.63105e-05	277.977
5.883e-05	282.071
8.39327e-05	259.976
9.8173e-05	272.625
0.000122537	265.278
0.00010907	263.011
0.000121203	244.835
0.000148551	247.53
0.000146305	213.168
4.26356e-05	290.441
0.000115354	232.567
0.000137103	226.676
5.30046e-05	253.135
6.29799e-05	216.514
9.30276e-05	253.822
0.00012026	238.934
1.54232e-05	306.458
6.14613e-05	275.763
5.81362e-05	302.642
7.28976e-05	296.973
0.000117547	269.229
0.000115157	271.384
0.000124423	237.545
0.000128232	313.735
0.000161125	281.804
0.000168102	230.059
0.000182431	331.251
0.000184625	316.378
0.000188727	198.867
4.25742e-05	324.336
5.29627e-05	329.181
4.39042e-05	327.929
0.000108228	250.546
8.30243e-05	346.759
7.0837e-05	365.119
0.000116752	360.943
6.97041e-05	327.744
5.63787e-05	328.23
0.000129128	319.852
0.000170459	321.976
0.000160768	279.202
0.000140682	224.582
0.000193939	379.685
0.000124544	237.34
6.96568e-05	289.363
0.000187008	325.549
4.59196e-05	259.819
0.000260162	213.628
0.000235404	208.813
0.000181771	268.886
0.000155945	286.249
0.000145811	276.914
0.000101389	150.258
0.000111582	166.817
0.000100338	236.429
8.04042e-05	260.534
6.72105e-05	187.256
4.43441e-05	313.622
3.43959e-05	312.923
5.9937e-05	344.291
6.6475e-05	330.839
0.000108639	265.607
0.00011942	267.096
0.000126366	252.737
0.000119641	260.143
6.27661e-05	313.963
0.000131109	202.532
5.72232e-05	361.352
1.36547e-05	289.405
4.31244e-05	311.549
4.91485e-05	297.192
4.72921e-05	328.83
3.89867e-05	295.469
0.000190689	239.409
0.000194306	267.192
0.000193943	213.071
0.000136823	260.928
7.318e-05	294.431
5.47838e-05	317.987
3.29049e-05	324.07
5.41938e-05	281.583
3.52619e-05	293.966
0.000193251	208.965
9.40722e-05	257.027
0.000213437	213.4
0.000165667	216.388
0.00016645	208.209
4.25786e-06	309.06
2.46019e-05	295.87
1.12668e-05	307.463
3.06269e-05	282.715
3.09442e-05	324.238
5.37099e-05	263.552
0.000120769	293.131
0.000117273	258.263
0.000121663	271.973
0.000124789	271.709
0.000147864	238.056
0.000171742	217.079
4.41561e-05	268.263
3.80198e-05	259.722
6.90197e-05	234.422
0.000214467	229.205
0.000262414	230.654
2.13229e-05	320.688
5.46128e-05	249.615
8.18283e-05	281.353
8.2779e-05	295.684
9.20026e-05	257.852
8.21953e-05	300.738
0.000110412	291.449
0.000130628	247.476
0.000131772	242.964
0.000161749	293.159
0.000191025	237.006
0.000231512	328.708
3.73926e-05	299.548
0.00011262	263.173
8.23789e-05	301.377
6.52853e-05	340.025
0.000181931	216.416
0.000109973	283.062
0.000144765	309.789
0.000160518	284.242
0.000124544	340.738
0.000127543	349.437
0.000166095	300.503
0.000201623	321.618
0.000124916	348
0.000103022	331.533
0.000176082	334.979
0.000113326	305.32
0.000178477	299.137
5.98386e-05	287.421
2.33665e-05	313.246
2.38305e-05	316.831
7.26744e-06	310.156
4.23599e-05	328.319
4.83617e-05	299.996
0.000205934	221.165
0.000185036	209.294
0.000141129	236.828
0.000105314	266.395
9.0976e-05	296.371
8.35176e-05	254.85
7.4645e-05	204.572
4.76796e-05	327.497
2.53208e-05	319.358
4.9816e-05	336.221
6.60023e-05	343.758
0.00014767	204.233
7.27625e-05	313.767
0.000126414	130.562
0.000105308	293.82
7.13843e-05	337.299
0.000104426	248.187
6.87767e-05	337.576
1.3986e-05	302.621
6.08534e-05	282.192
4.58282e-05	307.964
4.70324e-05	283.017
4.30153e-05	309.769
3.72807e-05	330.287
2.72639e-05	302.12
0.000176094	247.462
0.000171632	231.693
0.000152083	233.142
0.000152465	233.839
9.88777e-05	229.036
0.000115652	202.032
0.000128906	205.507
0.000146391	239.545
1.73873e-05	287.721
8.99291e-05	308.098
0.000123032	277.039
0.000148733	241.372
2.67719e-05	289.226
0.0001424	197.338
9.81889e-05	283.771
1.02295e-05	267.549
2.4067e-05	272.013
2.74671e-05	273.433
2.60769e-05	278.764
3.42555e-05	258.711
9.29328e-05	277.826
0.000118754	285.558
0.000151611	188.796
0.000220232	342.313
0.000238788	320.216
4.31974e-05	294.161
4.07999e-05	267.213
0.000170658	274.783
0.000155371	337.676
0.000109649	304.889
0.000213108	275.737
0.000129451	322.905
0.000176868	318.18
0.000152722	319.113
0.000173604	317.816
0.000105033	272.874
0.000197928	325.011
0.0001825	307.576
0.000162835	295.522
0.000144154	284.611
0.000102827	324.715
0.000165668	311.111
0.000105681	295.689
1.91931e-05	298.118
1.19558e-05	293.317
6.76043e-05	314.057
3.94534e-05	315.264
5.3837e-05	304.183
0.000178145	225.497
0.000178531	233.39
0.000123298	179.276
0.000147924	219.63
9.46688e-05	303.813
8.17842e-05	311.2
7.86026e-05	313.295
8.08116e-05	284.881
2.85054e-05	304.712
5.22171e-05	309.124
0.000119002	110.579
7.69131e-05	300.696
7.03397e-05	316.627
0.000150647	326.877
0.00014334	354.507
0.000168799	299.81
8.35047e-05	326.261
4.83056e-05	313.933
0.000210571	203.66
5.75755e-05	240.662
8.83368e-05	236.435
9.33669e-05	231.154
9.06018e-06	284.582
4.32233e-05	262.967
8.81226e-05	237.594
0.000104263	309.818
9.64903e-05	253.364
0.000120182	269.097
0.000130852	290.488
0.000144547	225.891
5.40591e-05	277.72
6.21086e-05	291.365
0.000135404	237.892
0.000201262	188.096
3.965e-06	265.542
1.94159e-05	244.441
4.99976e-05	296.146
5.97191e-05	337.335
6.71257e-05	341.783
8.14173e-05	346.355
8.95847e-05	306.114
0.000113423	251.718
0.00011332	266.571
0.00017607	145.055
0.000188825	150.428
3.99699e-05	255.945
0.000227156	257.035
6.62323e-05	262.476
8.06231e-05	297.343
0.000181757	293.699
0.00010302	337.376
6.10315e-05	259.917
0.000168199	296.977
9.77964e-05	315.353
0.000105515	357.783
5.67972e-05	306.182
1.65087e-05	278.309
2.58145e-05	273.185
3.50822e-05	246.02
0.000264977	238.898
9.58004e-05	304.368
8.84697e-05	258.45
7.48479e-05	297.224
3.614e-05	264.06
9.17316e-05	273.462
8.73803e-05	289.198
2.38287e-05	190.572
9.88203e-05	210.977
2.89634e-05	199.017
2.27307e-05	238.577
3.13946e-05	339.699
3.7089e-05	219.977
4.83389e-05	320.321
7.14704e-05	346.053
8.8396e-05	213.086
8.76298e-05	288.965
9.73891e-05	276.789
0.000147284	201.066
0.000155205	235.962
6.54153e-05	247.485
9.84705e-05	259.265
0.000199392	202.028
2.00932e-05	263.695
3.74801e-05	322.689
7.81745e-05	366.638
5.0938e-05	278.41
5.39488e-05	296.212
9.89026e-05	307.309
0.00013809	186.346
3.85451e-05	237.609
4.82942e-05	228.32
0.000220619	251.623
6.4252e-05	299.181
0.000219528	311.242
0.000113348	305.984
6.50529e-05	294.543
0.000166904	319.93
7.18857e-05	292.881
0.000107679	338.546
0.000226302	292.632
0.000265288	292.011
0.000265929	318.856
0.000112028	303.335
2.17856e-05	248.599
2.34657e-05	228.192
1.09489e-05	242.317
4.1602e-05	247.812
3.86884e-05	274.871
3.17652e-05	272.042
0.000207752	188.288
0.000156629	218.752
0.000136958	284.761
0.000111442	297.893
0.000108027	255.183
9.35598e-05	231.848
7.68507e-05	275.702
6.62985e-05	252.26
0.000113163	175.01
8.81885e-05	235.049
0.00013198	238.46
6.00137e-05	283.929
1.37405e-05	243.899
2.27334e-05	238.929
4.84352e-05	261.453
2.78767e-05	211.634
2.60687e-05	197.171
9.92673e-05	282.579
4.68162e-05	162.966
1.17945e-05	278.089
2.58986e-05	247.788
2.58475e-05	262.638
5.93795e-05	248.058
6.80566e-05	309.954
7.02868e-05	249.963
0.000105347	293.872
0.00015281	224.659
0.000175245	220.308
3.58862e-05	280.394
4.29402e-05	230.537
3.01652e-05	296.01
3.39994e-05	274.098
0.000124909	205.488
0.000113753	222.945
2.11447e-05	268.866
2.14413e-05	309.338
1.08996e-05	293.551
3.50431e-05	369.398
3.88789e-05	315.786
4.45333e-05	362.093
4.35572e-05	315.057
7.41546e-05	346.133
0.000275118	345.065
2.43934e-05	329.104
4.01541e-05	376.299
3.83739e-05	352.312
6.05332e-05	306.946
0.000217071	227.116
8.60811e-05	344.32
0.000224484	289.4
0.000111655	349.747
5.37028e-05	390.136
0.0002486	221.46
0.000157746	313.848
5.0992e-05	384.96
0.000222736	289.388
0.000121454	318.336
8.28178e-05	392.202
4.17044e-05	237.2
3.79195e-05	235.834
0.0002061	197.893
0.000194508	204.458
0.000195048	229.35
0.000152396	246.226
0.000148507	280.878
0.000132302	281.895
0.000115435	260.705
0.000124103	229.821
0.000136107	271.334
0.000128338	222.679
0.000127618	273.371
0.000102112	268.985
9.68686e-05	275.872
9.20099e-05	249.586
7.15314e-05	279.172
4.68228e-05	219.084
7.84919e-05	262.948
6.26338e-05	233.404
0.000101474	237.068
0.000109529	214.122
9.79501e-06	241.984
1.75272e-05	271.262
0.000148507	248.716
0.000116694	269.792
9.00371e-05	257.199
7.5359e-05	266.157
6.79913e-05	284.901
7.38268e-05	265.263
5.57478e-05	261.299
8.03455e-05	184.079
6.52961e-06	255.908
1.38829e-05	233.303
8.45736e-06	260.255
1.59042e-05	240.909
1.82475e-05	256.612
7.80936e-05	239.325
8.52984e-05	221.284
0.000100255	250.495
0.000100513	235.676
0.000131241	276.679
0.000116783	264.639
3.37617e-05	218.58
2.43899e-05	303.049
2.77475e-05	280.482
7.68655e-05	334.551
8.50231e-05	267.869
9.34155e-05	250.963
0.000112007	300.73
0.000142756	276.687
0.000179562	228.706
0.000192273	267.193
0.000184625	241.712
0.000262357	260.378
0.000172652	337.232
0.000114993	272.474
9.49169e-05	321.408
8.55977e-05	330.509
6.02136e-05	361.121
0.000120708	267.429
0.0001948	327.801
9.23799e-05	377.912
0.000135132	322.111
3.5951e-05	326.299
2.78877e-05	327.812
1.44537e-05	266.34
5.12163e-05	365.516
4.97274e-05	350.979
4.51363e-05	366.319
0.00020017	191.41
0.000129408	279.893
9.99293e-05	286.224
9.42358e-05	296.193
7.33721e-05	358.422
7.66567e-05	349.661
6.73201e-05	371.819
6.29262e-05	364.892
6.3892e-05	371.117
3.26964e-05	325.288
4.13328e-05	352.165
0.000279695	152.065
0.000203862	178.529
7.55932e-05	306.958
0.000121157	276.381
0.000107177	310.793
1.54075e-05	246.933
0.000128752	222.214
0.000109197	256.99
6.78998e-05	274.662
5.31041e-05	255.722
6.45997e-05	246.253
0.000105317	248.067
5.60154e-05	223.783
4.5987e-06	163.142
5.85468e-05	210.206
5.81362e-05	194.209
7.03365e-05	191.683
0.000134708	209.437
0.000175176	146.763
0.000180498	182.205
4.92183e-05	240.394
5.80935e-05	257.351
6.89279e-05	222.126
8.20536e-05	304.863
9.18748e-05	296.711
0.000111486	303.56
0.000127466	272.98
0.000140208	219.519
0.000173508	269.716
0.000164069	210.816
0.000173636	300.708
0.000238596	255.515
0.00025472	272.723
0.000241734	170.587
0.0002777	259.951
2.2346e-05	244.67
9.53262e-05	276.351
0.000163654	203.578
0.000158696	279.946
0.000272929	259.631
0.00017306	257.238
0.000186148	270.969
3.50679e-05	323.705
7.52514e-06	229.515
0.000149935	236.018
0.000140274	242.476
0.000123106	158.192
0.000119072	243.244
0.000112685	255.913
9.89325e-05	257.393
8.41736e-05	295.747
3.16891e-05	322.896
2.58943e-05	321.185
0.00013806	214.564
6.59291e-05	317.436
2.15694e-05	184.049
0.000135586	212.244
0.000120434	213.803
0.000101486	225.334
0.000110333	235.694
5.8833e-05	153.927
8.43618e-05	227.268
0.000285863	226.167
8.80709e-05	200.106
2.58071e-05	187.015
2.43701e-05	219.086
3.87235e-05	197.196
6.1454e-05	195.721
7.2807e-05	218.766
7.91614e-05	267.401
4.27683e-05	162.472
5.9586e-05	173.095
8.46315e-06	194.874
1.62738e-05	226.122
4.51561e-05	247.047
5.00932e-05	228.642
4.59918e-05	210.82
8.34374e-05	300.699
0.000108845	347.649
0.00012022	290.367
0.000123312	311.536
0.000125678	313.554
0.000142125	291.009
0.000144695	343.833
0.000142899	328.401
0.000151348	227.082
0.000163726	285.493
5.08748e-05	249.34
3.25399e-05	204.53
0.000186372	284.708
0.000126355	307.035
6.17652e-05	257.813
0.000152729	318.938
0.000210604	229.436
0.000192247	296.911
0.000197205	220.303
0.000153275	323.066
0.000179284	318.34
0.00016645	302.429
0.000239768	264.448
2.78022e-05	265.141
5.06059e-05	315.212
4.8603e-05	310.199
5.53122e-05	314.246
0.000136607	229.205
0.000119765	212.392
0.000100212	231.678
7.50629e-05	317.539
3.58925e-05	283.462
4.44019e-05	242.842
7.5262e-05	325.743
6.16316e-05	345.546
0.000103707	239.671
0.000139286	226.04
0.000165674	263.538
4.7066e-05	310.245
3.50484e-05	284.092
0.00010226	257.602
6.06456e-05	279.477
9.3887e-05	272.31
7.3576e-05	258.087
0.000109926	267.431
0.000136644	250.83
9.18398e-05	192.326
1.85077e-05	196.051
6.27954e-05	201.11
8.81435e-05	250.949
0.000120492	223.735
0.000147736	235.602
3.99623e-05	209.792
6.38956e-05	252.43
6.77937e-05	243.456
8.3954e-05	272.463
6.72432e-05	315.327
8.99874e-05	313.21
0.000126325	302.886
0.000188179	275.448
0.000188806	286.372
0.000230406	277.983
0.000259596	303.064
0.000250337	290.476
0.000245866	279.741
0.000192686	202.223
4.51936e-05	259.519
0.000202176	207.497
0.000121601	307.861
0.000224609	286.104
0.000124544	305.491
2.59148e-05	270.467
9.84712e-06	209.167
4.91028e-05	299.95
4.52275e-05	286.263
0.000207766	223.228
0.000178033	230.308
0.000126429	211.355
9.29762e-05	184.838
6.62396e-05	318.209
0.000137745	239.879
0.000110334	218.36
0.00014297	237.285
0.000126381	227.091
2.95889e-05	188.695
1.6984e-05	241.383
3.93089e-05	269.155
3.97944e-05	286.189
0.000118868	223.423
9.26804e-05	257.977
8.32906e-05	228.655
6.27498e-05	206.384
7.46054e-05	254.959
0.000127611	244.916
0.000180496	220.996
1.85713e-05	203.595
4.47307e-05	197.872
5.07459e-05	224.333
6.75059e-05	225.478
8.89391e-05	198.03
9.38482e-05	252.949
9.92911e-05	195.936
0.000160643	218.849
3.02772e-05	209.932
4.98638e-05	208.574
6.03147e-05	191.461
1.03024e-05	200.326
4.13723e-05	293.239
4.27012e-05	256.97
5.2592e-05	330.189
5.6998e-05	235.142
7.66857e-05	335.703
8.40267e-05	267.211
0.000104073	279.024
0.000122543	247.949
0.000201165	224.124
0.000222969	277.376
0.000242845	264.047
0.000223267	226.13
0.000257574	204.974
0.000291444	218.316
4.53152e-05	324.832
2.85811e-05	270.909
0.000172852	208.941
9.69644e-05	243.975
7.42067e-05	253.619
0.000174025	277.019
0.00023273	257.354
0.000100513	285.495
0.000180183	284.197
0.000117765	315.367
0.000101574	296.881
0.000138101	253.66
9.12473e-05	185.994
7.05869e-05	262.158
6.3437e-05	289.185
9.68514e-05	250.392
9.02176e-05	305.506
6.77228e-05	322.628
0.00019034	155.276
0.00017689	195.477
1.57028e-05	158.203
0.0001326	205.302
0.000128904	239.829
0.000103372	237.989
3.62491e-05	218.383
0.000104331	264.09
0.000144276	210.792
4.5987e-06	163.142
5.85468e-05	210.206
5.81362e-05	194.209
7.03365e-05	191.683
0.000134708	209.437
0.000175176	146.763
0.000180498	182.205
4.92183e-05	240.394
5.80935e-05	257.351
6.89279e-05	222.126
8.20536e-05	304.863
9.18748e-05	296.711
0.000111486	303.56
0.000127466	272.98
0.000140208	219.519
0.000173508	269.716
0.000164069	210.816
0.000173636	300.708
0.000238596	255.515
0.00025472	272.723
0.000241734	170.587
0.0002777	259.951
2.2346e-05	244.67
9.53262e-05	276.351
0.000163654	203.578
0.000158696	279.946
0.000272929	259.631
0.00017306	257.238
0.000186148	270.969
3.50679e-05	323.705
7.52514e-06	229.515
0.000149935	236.018
0.000140274	242.476
0.000123106	158.192
0.000119072	243.244
0.000112685	255.913
9.89325e-05	257.393
8.41736e-05	295.747
3.16891e-05	322.896
2.58943e-05	321.185
0.00013806	214.564
6.59291e-05	317.436
2.15694e-05	184.049
0.000135586	212.244
0.000120434	213.803
0.000101486	225.334
0.000110333	235.694
5.8833e-05	153.927
8.43618e-05	227.268
0.000285863	226.167
8.80709e-05	200.106
