1.88892e-05	-4.00755
1.39197e-05	-25.8772
1.85951e-05	10.2332
2.28258e-05	10.4771
3.99128e-05	63.0396
3.93034e-05	74.043
4.97128e-05	48.1251
6.32383e-05	67.9015
0.000126746	2.69304
0.000168341	-5.00553
0.000250246	-2.1892
0.00027645	13.5593
2.60308e-05	56.2353
0.000114495	16.7384
0.000164011	-10.6178
0.000146059	35.718
0.000112738	27.0723
0.000192753	64.5158
0.000227153	69.1376
7.2344e-05	8.19645
0.000148052	41.5413
0.000184625	54.0487
0.000241691	66.2644
0.000236148	31.7325
0.000240495	42.0409
0.00016645	9.93572
0.000179335	21.1014
0.000281565	78.8332
0.000203416	34.0869
2.32834e-05	48.6464
2.92706e-05	39.3081
2.98365e-05	-35.2494
2.85794e-05	-21.2158
4.08002e-05	-19.3461
5.60889e-05	50.9163
0.000125404	-11.5554
4.03066e-05	-41.4396
8.75228e-05	44.9862
2.61676e-05	-36.3491
4.46629e-05	-27.6824
0.00016207	7.2093
0.000161806	-16.45
0.000157717	6.79935
0.000118793	53.4762
7.45347e-05	18.2623
2.83053e-05	32.3557
0.000128353	-20.1262
7.88549e-05	4.62547
0.000118471	-30.5162
0.000159511	-11.4823
0.000142961	23.8472
5.64951e-05	4.1122
0.000150918	-2.84433
0.000146367	16.3716
2.38984e-05	-20.991
2.53052e-05	15.9972
4.19824e-05	-7.7537
3.17226e-05	-23.2767
0.000210704	26.0822
0.000139258	-0.0401206
0.000139122	-11.4982
0.000115422	30.7231
8.84408e-05	5.89882
4.04566e-05	21.1454
0.000161022	42.259
5.40718e-05	10.8871
0.000122251	8.20248
7.51951e-05	14.1977
6.38865e-05	4.06986
8.3741e-05	19.2573
1.95743e-06	-17.5891
9.8669e-06	-40.7993
2.48549e-05	-15.9658
2.83196e-05	-0.0568828
6.82746e-05	20.0746
6.68517e-05	58.1735
7.94877e-05	35.489
9.95446e-05	23.6222
0.000156022	56.9402
0.000164695	25.913
4.42798e-05	4.1001
0.000159958	47.8383
0.000106351	-1.57596
0.000126467	16.0122
0.000190001	46.7594
0.000225228	59.6795
0.000121036	30.995
0.000138553	27.5658
8.74002e-05	5.45443
8.71778e-05	18.6649
5.88715e-05	49.1675
3.41078e-05	-25.0442
4.02837e-05	-23.7241
7.35283e-05	36.3281
0.000123953	-3.39432
0.000126859	34.1168
0.000135711	-1.16599
0.000215506	-67.4305
0.000168033	-8.01939
2.56167e-05	22.9188
4.90749e-05	-6.61198
3.07404e-05	28.284
3.24674e-05	-9.08644
0.000204941	-0.361878
0.000198059	-7.70507
0.00015871	69.4559
0.000150509	128.195
0.000143532	9.40038
0.000137068	-19.7575
0.000130213	-4.65467
0.000120223	21.8569
0.000116681	-27.7656
0.000112759	-25.7889
0.000100049	-1.38425
9.89327e-05	-4.12865
8.2978e-05	26.0201
7.10476e-05	-5.29455
6.5789e-05	-10.2377
5.55192e-05	22.7934
3.62203e-05	-14.2943
0.00012026	-33.7013
0.000148046	1.39369
7.57396e-05	1.99202
0.000131524	66.7283
0.000112699	-18.7417
0.000156312	69.799
0.000128943	27.9065
0.000118241	10.6891
0.000114988	5.78291
9.28292e-05	17.967
6.15644e-05	6.11276
6.95786e-05	-53.4362
6.16147e-05	-3.07964
0.000124083	-38.0533
0.000128308	-19.8005
0.00023584	4.92919
0.000136802	9.22033
0.000145322	32.6321
2.23024e-06	43.0728
1.46744e-05	41.1765
2.87906e-05	26.4029
1.79107e-05	29.2868
1.53478e-05	53.507
3.8468e-05	39.407
4.81285e-05	6.94618
6.50122e-05	55.9543
0.000100722	53.3928
0.000108387	9.9997
0.00010495	26.8815
0.000130041	26.2667
0.000298507	51.0247
0.000114452	30.0207
7.5987e-05	27.0557
0.000164406	45.2762
3.2254e-06	58.2809
1.12595e-05	18.3345
1.01762e-05	20.3045
7.99252e-05	46.3655
0.00013309	13.3875
0.00014391	47.7485
0.000162655	-21.0246
0.000170499	-41.5727
0.000238245	-76.5079
4.34054e-05	0.301806
3.35784e-05	-12.7847
4.11062e-05	0.610405
0.000140786	-13.3017
0.000131472	21.7621
0.000107051	3.11558
0.000130212	-9.01798
0.000116497	0.156532
0.000114918	28.4267
8.41221e-05	11.7974
6.89298e-05	13.4026
7.4004e-05	13.7412
7.41152e-05	-18.5238
6.79482e-05	5.10563
6.79563e-05	14.498
8.80551e-05	21.1897
0.000225367	-28.0571
0.000222331	-0.0169859
0.000213428	-6.24365
0.000201713	-7.26556
0.000173549	-18.6814
0.000151543	55.0186
9.5498e-05	76.95
2.1029e-05	33.9549
1.11319e-05	27.7495
1.29026e-05	29.7561
3.03137e-05	31.432
0.000176562	-27.3823
0.000174615	-12.8337
0.000162169	-1.9025
0.000157358	37.0978
0.000139342	23.6225
0.00012763	31.1929
0.000115511	-17.4545
0.000119736	22.8464
0.000105328	22.096
7.3311e-05	1.38118
5.83375e-05	14.7223
5.33595e-05	32.6013
0.000132162	-24.3016
0.000131924	-4.52431
1.50998e-05	1.18689
2.38337e-05	7.21395
3.95101e-05	0.380428
4.35554e-05	13.6448
4.65351e-05	18.7695
5.19654e-05	37.5899
5.55013e-05	36.5502
6.32471e-05	20.4262
7.52336e-05	32.2486
7.56353e-05	24.0834
8.2209e-05	12.9009
8.9555e-05	36.7143
0.000106001	52.9172
5.91776e-05	-3.35468
6.82011e-05	-26.4097
8.86826e-05	40.8789
0.000123302	43.6687
0.000123322	48.3945
0.000143768	20.7499
0.000157513	4.73387
0.00014914	-2.39634
0.000107487	40.3865
0.000123997	36.1168
5.32923e-05	-3.05581
7.43413e-05	-3.74949
0.000104916	-3.23224
0.000143827	24.3009
2.10245e-05	-17.0028
4.98877e-05	-30.395
5.26425e-05	-47.8962
3.27486e-05	-30.9333
0.000125875	50.311
9.43446e-05	-26.0617
6.75209e-05	-33.7223
6.46919e-05	-20.2105
4.94781e-05	-12.7139
5.27605e-05	32.0357
3.85081e-05	-6.28684
3.4852e-05	-17.9462
0.000184272	5.89615
0.000155584	21.3148
0.000143827	-17.7877
0.000143239	-5.38548
0.000122893	-9.77325
0.000134786	-17.4635
0.000117493	-3.86864
0.00010931	-14.0413
9.22933e-05	-39.3092
8.07522e-05	-31.7847
8.24618e-05	-26.1851
6.84735e-05	-10.837
6.20816e-05	39.3346
5.34058e-05	11.682
5.71265e-05	23.2056
0.000199342	-0.827634
0.000233297	-21.8111
0.000183892	-33.7755
0.000151757	-53.1406
5.96225e-05	4.61933
0.000164183	-62.018
0.000109641	-3.09628
0.000104586	72.215
2.75747e-05	13.1819
1.5086e-05	-12.0915
1.07861e-05	-12.6903
5.30269e-05	15.7096
4.70714e-05	1.31718
0.000157113	36.7923
0.000151301	32.1295
0.000148935	25.702
0.000128799	-8.72496
0.000123167	16.3067
0.000119066	20.2386
8.18057e-05	8.76962
6.59956e-05	21.8044
4.14104e-05	-1.64883
9.8895e-05	-21.488
9.81223e-05	1.59745
9.13327e-05	20.2065
5.23446e-05	0.617062
0.000111548	44.8812
3.12788e-05	-16.7254
3.49763e-05	-3.85137
8.75557e-05	-0.980654
0.000132916	26.3692
0.000168268	-45.8202
0.000191126	-17.985
0.000130949	45.6553
7.94311e-05	-2.88794
0.000184831	-2.4339
0.000205615	4.04052
0.000105328	6.94771
4.39194e-05	-27.6503
4.33121e-05	-56.8618
4.6715e-05	-57.7074
4.60923e-05	-57.0582
7.66335e-05	1.71224
9.02051e-05	10.8347
9.76657e-05	-25.0451
0.000102093	-25.4152
0.000135479	57.2124
0.000106432	-24.5195
7.80367e-05	-23.4949
7.44299e-05	-2.84674
0.000108606	-23.0687
2.29092e-05	-14.0934
0.000125877	12.5093
0.000122692	-12.5552
0.000115625	-24.8536
8.82477e-05	-29.6583
7.53375e-05	1.45299
7.45188e-05	5.4835
5.03568e-05	7.61209
5.42941e-05	-9.33338
3.06354e-05	-6.98446
0.000299201	-19.7573
0.000248926	-19.5191
0.000210841	-62.7017
8.05737e-05	-5.64329
0.00013341	-69.6674
0.000201741	-12.6541
0.000147576	-83.1019
0.000201042	-25.4251
9.58632e-05	2.18407
8.62158e-05	0.447696
7.57459e-05	22.995
6.82395e-05	25.098
3.76201e-05	31.4058
5.19137e-05	15.5843
5.72058e-05	-7.04003
6.43237e-05	24.3273
0.000203098	28.5155
8.35047e-05	-10.2974
2.60636e-05	37.1615
7.76351e-06	13.7748
9.64852e-05	-22.8429
9.41732e-05	54.4736
0.000101353	53.9915
0.000102093	-17.9186
0.000113146	17.9239
0.000146722	36.3104
0.000203141	13.8562
4.43325e-05	40.0838
0.000137333	59.0061
0.000177512	74.1916
0.000134111	31.5765
0.000142186	38.7838
0.000135507	25.8865
7.84954e-05	36.1964
6.27445e-05	48.2611
0.000137081	34.5429
0.000138121	22.2565
0.000155062	33.9231
0.000157801	22.8898
0.000162836	41.831
1.54541e-05	52.5952
1.50785e-05	14.6668
4.59667e-05	4.00312
4.54424e-05	-4.889
9.50524e-05	-8.82618
0.000147952	-4.39996
0.000133294	24.3565
0.000131167	11.2944
0.000125599	14.5495
0.000104649	12.3479
0.000110495	-13.531
9.68057e-05	43.6176
9.73891e-05	15.5764
9.23497e-05	11.4905
9.28292e-05	40.9125
8.60107e-05	40.3278
3.81717e-05	33.2742
0.00018954	-56.9822
0.00017856	-70.2347
7.12223e-05	-0.328593
0.000141503	-32.8223
0.000196446	-76.8718
0.000246721	-62.5101
0.000132556	-38.3692
0.000132175	0.280712
0.000115224	2.41937
8.5716e-05	4.06272
6.06897e-05	31.7877
0.000102062	-8.5803
7.34023e-05	41.7279
8.19824e-05	36.1095
0.000104843	-5.44711
0.000124207	-11.4725
0.000124544	11.9979
0.000161806	66.3026
9.484e-05	17.5365
0.000102516	25.3447
3.99225e-05	26.9545
3.99001e-05	41.6179
6.13232e-05	60.7785
9.57488e-05	24.1371
0.000117273	0.238157
0.000181263	2.50592
0.000190182	22.8034
3.47463e-05	49.4194
3.86002e-05	19.9408
6.00393e-05	46.2865
0.000143579	3.06501
0.000155062	31.7277
0.000148932	37.2448
8.45376e-05	45.6858
8.98826e-05	41.2856
0.000120741	44.7491
0.000158016	9.87031
3.56029e-05	30.305
0.000166626	-33.9944
3.12579e-05	31.9939
2.86068e-05	22.5267
2.65739e-05	37.3116
0.000225654	-36.2462
0.000180222	-1.98604
0.000145054	27.4413
0.000136106	32.783
0.000129111	6.59032
0.000128807	-3.55781
0.000122233	11.0031
7.86005e-05	-19.4154
7.0847e-05	-29.9201
6.98507e-05	-43.9245
4.80144e-05	33.5602
3.68651e-05	52.7784
2.58639e-05	48.0183
7.52436e-05	-32.4032
0.00033188	-66.6708
0.00030278	-70.8122
0.000315997	-61.3032
0.000107091	-40.2045
0.000128338	-34.8263
0.000103027	2.11046
1.73152e-05	30.4124
3.19307e-05	28.2497
0.000129518	27.4959
8.89318e-05	-33.5744
7.6866e-05	-11.8051
7.92468e-05	35.833
6.85394e-05	-21.8294
6.60632e-05	23.4461
5.00392e-05	20.5371
0.000100737	-44.5885
0.000123108	1.08147
0.000139659	-16.6365
0.000193883	-31.4717
0.00010747	-31.7565
0.000112701	-17.1906
0.000123918	-15.377
0.000156297	11.4064
0.000137462	85.9394
0.000106833	51.6394
3.26576e-05	77.5394
3.94312e-05	38.3776
5.89671e-05	48.4731
6.15783e-05	35.3385
6.33711e-05	46.1751
7.08497e-05	54.0254
8.02416e-05	101.169
0.000119155	72.3121
0.000153569	79.8399
0.000143662	-19.6281
0.00014861	-23.3082
0.000159866	-25.7197
0.000168756	16.262
0.000172927	27.9867
0.000181554	4.8753
3.64725e-05	16.1064
2.69863e-05	44.8705
8.76958e-05	52.5191
0.000214083	24.9713
0.00014431	57.6828
0.000184624	53.6322
0.000198768	71.484
0.000182715	-12.7906
9.38453e-06	21.7704
2.26529e-05	8.81297
2.55577e-05	35.666
5.1722e-05	35.8301
7.7677e-05	-27.466
4.67421e-05	-2.24846
0.000100004	-37.8617
7.35293e-05	31.7681
7.19139e-05	-10.7465
2.56347e-05	25.9159
4.79141e-05	28.2186
0.000171287	15.2876
0.00017355	5.86288
0.000159462	23.4216
0.000153172	43.9448
0.000134137	-15.1147
0.000114522	-4.47934
0.000127978	-2.17125
0.000128308	-6.96574
0.000124543	12.412
0.000119069	-24.8679
0.000106112	24.994
0.000106983	-15.7209
0.00010124	-20.066
9.57975e-05	-5.21028
7.65367e-05	11.59
6.29836e-05	43.8733
6.15789e-05	33.4537
5.62177e-05	10.4371
0.000224403	-28.9472
0.000198838	1.00305
0.000178531	5.28471
0.0001722	-51.079
5.87988e-05	12.6082
0.000186149	-23.9865
2.78155e-05	25.916
2.50891e-05	4.31242
1.82338e-05	6.01238
3.24786e-05	-7.15513
0.000110274	11.5361
8.82282e-05	31.1709
8.93862e-05	-5.66708
6.50617e-05	-1.53606
5.8088e-05	1.55185
0.000209634	-21.5453
0.000114091	-16.2199
0.000114191	-23.9987
0.00011202	-17.8721
0.000145742	4.94599
0.000153972	59.7789
0.000187702	20.8954
2.70942e-05	45.3043
5.69343e-05	60.1248
6.71615e-05	73.5679
9.72479e-05	38.3812
0.000127514	72.8087
0.000141417	74.8546
0.000175231	92.9965
2.98998e-05	26.8086
6.67852e-05	63.783
0.000126404	33.8121
0.000157044	52.3583
0.000209698	67.0853
9.54446e-05	92.1361
0.000166311	79.1063
0.000351573	72.0014
0.000124362	61.1156
0.000244993	33.5023
0.000164063	111.553
6.72442e-05	-3.86456
0.000112607	-5.35415
0.000154138	2.41474
4.54901e-05	18.0787
2.38523e-05	32.243
5.39759e-05	8.35995
0.000125399	-45.6085
0.000101172	-26.1616
7.14179e-05	-13.1612
0.000111549	-38.6034
9.75975e-05	-14.7004
0.000124243	-47.6644
7.29546e-05	-30.971
0.000111366	2.41893
2.40785e-05	32.4676
5.04538e-05	20.1735
0.000299855	-42.1154
0.000287162	-27.3746
0.000171489	-4.89623
0.000158218	1.46959
0.000157541	-4.66139
0.00012313	-1.917
8.46205e-05	16.6821
7.07101e-05	25.6297
0.000166451	3.78037
0.000256441	-44.4144
0.000206369	-21.6959
0.000136477	-13.3456
8.7468e-05	-5.50916
0.000103871	-12.5968
0.00012396	-27.1519
0.000178028	-1.7749
4.20837e-05	2.8036
3.49662e-05	-28.6494
0.000112691	49.7379
9.87261e-05	37.0924
9.13681e-05	27.6456
8.13879e-05	39.8466
7.50994e-05	-6.80161
3.36847e-05	24.1098
8.46838e-05	-31.8195
0.000191822	15.4911
7.10619e-05	61.5088
0.00021052	33.6983
9.64143e-06	58.1908
3.75067e-05	35.9465
5.41892e-05	38.6515
5.66968e-05	45.7273
6.47807e-05	34.2502
6.838e-05	53.703
8.34404e-05	53.4595
9.11622e-05	40.1132
0.000194458	77.5582
0.000190838	17.9742
0.000208859	27.5979
3.77864e-05	85.6313
4.57013e-05	35.6967
3.48623e-05	81.0119
6.88908e-05	64.3437
0.000171953	26.9216
0.000257031	80.9287
5.78108e-05	77.2083
0.000272095	85.8118
5.82985e-05	86.3598
0.000279997	101.245
0.000168831	67.6256
0.00028576	111.044
7.62937e-05	54.3053
0.000181894	70.7767
0.000129272	91.4587
1.77493e-05	59.9861
0.00011202	-7.45626
0.000113557	-7.20957
0.000115518	62.3499
0.000126943	22.7082
0.000136539	-10.9478
0.000138101	27.0486
4.74064e-05	37.4653
3.04829e-05	41.5279
5.76512e-05	20.7787
9.75076e-05	-18.4048
7.03799e-05	-2.45862
7.60972e-05	1.66357
1.8021e-05	27.4042
3.16647e-05	67.4692
2.60157e-05	47.9359
8.03989e-05	62.8725
8.06252e-05	43.7364
6.19494e-05	66.1362
5.27482e-05	37.2765
0.000106593	12.0468
0.000128913	-17.9409
0.000198589	-16.8999
0.000152235	-29.4447
0.000214808	-11.6683
0.000184273	-21.4605
8.9821e-05	66.8991
8.38482e-05	66.7581
8.69774e-05	70.6722
7.40959e-05	19.0485
6.86106e-05	-1.64871
6.54509e-05	37.5621
5.20402e-05	45.3466
3.53799e-05	81.3872
6.71301e-05	-30.9864
0.000210459	52.3294
0.000204981	46.9044
1.76951e-05	76.1221
2.30866e-05	33.4169
4.51266e-05	52.5259
3.02805e-05	26.6563
3.16555e-05	7.83088
4.02761e-05	30.0169
5.31971e-05	45.3276
5.20058e-05	27.229
6.59153e-05	42.3533
6.41556e-05	38.7987
7.65543e-05	27.2426
8.69476e-05	93.0503
9.18052e-05	64.2164
0.000103018	61.2764
0.000133448	47.2652
0.000141809	-21.7965
0.000147632	16.9798
0.000147632	2.96852
0.000142186	15.7143
0.000149047	11.3478
0.000149921	52.1497
0.000161885	16.5033
0.000171897	20.9864
0.000172233	38.4081
0.00016407	58.227
0.000181288	33.8469
0.000220843	26.3285
0.000349737	30.0029
2.51887e-05	50.2287
7.25386e-05	66.7041
0.000144584	33.9016
0.00015074	35.5882
0.000235223	100.339
0.000271193	121.151
1.3233e-05	14.7848
1.69727e-05	11.989
1.55635e-05	41.823
5.55162e-05	57.894
6.93137e-05	60.7025
7.9726e-05	68.2436
9.11751e-05	55.7307
0.00010707	42.9783
0.000113711	68.1252
0.0001464	13.7559
0.000204332	3.57051
5.5623e-05	6.96507
0.000133787	0.356731
7.25135e-05	6.81245
0.000178086	-0.642061
8.36551e-05	45.0151
8.29434e-05	63.471
2.55798e-05	81.7557
1.94064e-05	39.4526
3.9151e-05	41.6486
0.000166389	-8.05519
0.000149693	40.9394
0.000156522	-8.12382
0.000126853	43.2269
0.000124458	48.3872
0.000100032	70.0649
0.000111738	71.7879
9.62553e-05	60.9658
9.29702e-05	34.9626
8.91881e-05	45.3215
8.58855e-05	73.9812
6.43975e-05	59.1658
5.83088e-05	48.2782
0.000220137	-0.571584
9.44497e-05	65.2999
0.000170561	43.5567
0.000110198	25.2189
0.000100961	19.7746
7.4568e-05	-4.88328
1.89528e-05	36.5639
5.26971e-05	48.326
0.000100079	98.3746
3.17992e-05	34.2882
5.72057e-05	2.04965
0.000205227	-0.737729
3.28976e-05	51.286
7.38739e-05	59.6162
6.24503e-05	53.8198
6.64442e-05	12.1921
7.16815e-05	25.5333
0.00010559	13.3281
0.00011186	-29.6148
0.000139346	-13.1281
0.000187263	-16.9975
5.58061e-05	-18.7136
0.000353504	77.7098
0.00015635	0.994747
0.000171085	6.27009
3.25394e-05	38.8893
5.31628e-05	39.7871
4.59838e-05	35.9819
6.032e-05	34.4937
7.43251e-05	39.6529
6.94966e-05	32.8638
9.75935e-05	24.1826
9.93988e-05	8.75183
0.000104661	9.7777
0.00013224	60.4414
0.000127184	12.7352
0.000134755	-2.02732
0.000142186	32.3361
3.79091e-05	3.11555
4.43709e-05	-2.58174
2.62185e-05	16.2525
0.000112416	-14.4822
9.48097e-05	-38.7276
6.34315e-05	-19.1142
9.88649e-05	3.73789
9.58453e-05	-22.2165
0.000119008	-3.99345
7.81815e-05	39.3767
0.000101427	20.6267
3.87243e-05	25.2743
0.000282379	-26.1503
0.000202945	-0.642608
0.000209373	8.30533
0.000169164	28.9365
0.000142232	-19.7911
0.000124189	52.0197
0.000113056	46.7945
0.000110334	36.307
9.60367e-05	62.9322
7.8188e-05	47.455
0.000208717	-28.8058
0.000167233	-5.95083
0.000159483	-7.36167
7.92366e-05	-17.3607
7.65475e-05	-45.9413
5.75765e-05	-12.5653
4.63831e-05	24.6686
0.000132794	53.7281
0.000116118	85.7272
9.32434e-05	33.6486
6.7593e-05	23.3554
0.000192877	-5.65405
0.000162589	-21.8206
2.22324e-07	1.96838
2.81654e-05	-18.8558
3.41642e-05	-28.3969
3.3247e-05	-12.5748
3.85743e-05	-25.0503
5.92423e-05	-8.2418
6.44489e-05	20.6918
7.30664e-05	-11.5936
9.45483e-05	-7.29755
0.000107291	-58.4013
0.000140941	-19.8364
0.000176771	-8.15335
0.000191706	10.1115
0.000232987	54.6493
0.000258059	-2.43163
0.000273597	2.71037
2.75683e-05	6.23855
4.43442e-05	-1.08237
4.53325e-05	19.2568
0.000197921	-28.0383
0.0001887	-25.1438
6.70695e-05	15.3797
9.25348e-05	-7.59533
5.88036e-05	10.6542
0.000187719	16.743
1.54265e-05	-9.32311
3.78458e-05	-7.59978
4.32445e-05	-10.9432
4.68162e-05	-15.9602
5.31566e-05	-16.5297
5.36308e-05	-18.1767
6.08034e-05	-10.9387
7.68271e-05	-2.52138
8.02173e-05	-11.1798
8.14076e-05	30.9125
0.000121222	27.0598
0.000127406	15.2618
0.000139023	-1.95899
0.000135445	22.0218
0.000164078	-7.0777
2.52484e-05	-1.32271
4.48665e-05	-16.5956
0.000186456	-46.0091
5.52475e-05	-6.7843
6.43961e-05	6.50638
0.000109153	-15.6795
0.000110413	-20.0698
8.55977e-05	36.3389
1.85193e-05	-9.49885
4.41627e-05	-10.0406
0.00021939	14.4172
4.2221e-05	-18.8839
4.13211e-05	-10.1874
3.58154e-05	-5.36732
0.000104436	-30.9701
0.000123481	-44.4129
0.000216325	-28.651
0.000212921	-29.9832
0.000138917	4.80518
6.2532e-05	-16.7155
0.000112598	5.6119
0.000129647	13.8707
0.000103175	10.7312
7.32648e-05	-12.6877
2.00753e-05	-18.5369
7.65172e-05	6.16748
5.93442e-05	-9.66942
1.90309e-05	-14.7865
1.96909e-05	-22.9024
3.76157e-05	-28.7817
4.9395e-05	-7.56191
0.000123955	-9.43166
0.000143863	7.96831
0.000149917	-1.29236
0.000173908	-3.37749
0.000216269	51.9575
0.000231346	51.2726
0.000200674	-13.981
0.000187462	3.46024
0.000198007	5.93206
7.48041e-05	-6.81534
4.85859e-05	-22.207
5.50975e-05	-35.3527
5.57766e-05	-45.1524
7.43694e-05	-37.7346
7.27673e-05	-39.4183
8.5375e-05	-37.181
8.5298e-05	-19.0744
0.000134004	-31.4147
0.000154758	-28.2987
0.000141761	18.5714
0.000163542	-33.1775
0.000176069	-24.907
3.68816e-05	-38.7054
4.33427e-05	-31.6289
4.79579e-05	-34.2257
0.000125961	1.19388
0.00014711	-9.54524
0.000170562	-6.51646
8.52702e-05	-2.2302
2.72875e-05	-8.0933
1.83731e-05	-22.1943
5.04005e-06	4.0256
3.756e-05	-71.0151
0.000189628	-46.9372
0.000131395	-57.317
9.68745e-05	-20.7547
8.75061e-05	-35.5683
0.000202204	-45.8543
9.28292e-05	-37.9685
0.000210603	-57.8093
0.000181554	-40.5119
0.000138101	-4.99139
0.000130911	1.45485
0.000118471	-5.06023
0.000115482	24.6571
9.58488e-05	48.8714
9.64771e-05	81.4818
2.50207e-05	-50.9211
4.2646e-05	-44.7413
6.77721e-05	-7.33049
4.30377e-05	-15.2276
5.65246e-05	-15.6543
1.04359e-05	-39.3048
9.1798e-06	-39.3058
3.64349e-05	-7.22285
2.50178e-05	-20.3469
3.64344e-05	-17.0587
3.90409e-05	6.30347
4.80329e-05	22.2013
6.19913e-05	-10.9247
0.000102414	-19.1202
0.000129843	-23.1379
0.000161224	6.64221
0.00017479	12.8428
0.000225403	33.1576
4.95176e-05	20.3417
0.000129138	19.8886
2.25529e-05	-34.3271
4.58601e-05	-25.9071
5.09454e-05	14.2723
6.3253e-05	4.04485
7.4372e-05	-10.8485
0.000112036	-10.8782
0.0001421	-14.3379
0.000133522	-40.4198
0.000169652	-22.6514
0.000179583	23.7304
0.000228404	-3.01558
4.09262e-05	-41.0275
8.05626e-05	33.0945
5.29845e-05	-1.34337
9.79277e-05	11.6482
0.000155185	1.16973
0.000150992	18.878
9.08191e-05	0.527789
0.000200954	-40.2619
0.000202208	-41.2759
0.000113365	-41.307
0.000109641	-30.2705
8.41628e-05	-28.5975
4.92467e-05	-16.779
2.88253e-05	-30.4431
4.68736e-05	-23.5394
3.90097e-05	-52.0364
4.87076e-05	-32.1571
0.000271543	-31.5728
0.000117226	5.95804
0.000257572	-14.0683
0.0002364	-52.7152
0.000153481	-36.5384
0.00011159	33.389
5.7487e-05	-25.4333
8.14681e-05	31.9087
4.05068e-05	10.3831
5.70984e-05	-1.1908
7.43879e-05	-8.04016
8.8775e-05	-25.2344
0.000147243	-4.10339
3.74699e-05	10.6595
0.000103419	27.9459
9.43923e-05	-1.58194
0.000216399	19.1669
0.000222332	19.3549
7.29991e-05	22.5433
0.000225612	17.3085
0.000250866	27.8725
8.48238e-06	-50.512
3.31993e-05	-24.1156
6.0821e-05	-22.4419
5.97565e-05	13.6925
7.81571e-05	2.97427
9.86458e-05	-21.0848
0.000119972	32.1962
0.000145114	-4.77015
0.000146569	-14.2563
0.000155441	-17.0403
0.00018773	0.0728837
0.000203292	-58.6686
0.000204942	0.198164
0.000240817	-38.4189
3.38512e-05	10.0919
2.53591e-05	-32.5548
2.68131e-05	-14.982
9.16506e-05	16.6937
0.000172414	3.55941
0.000158017	-9.69561
8.35069e-05	10.8377
0.000125659	-29.1531
0.000127389	-19.0242
0.000183603	-13.2801
0.000196243	-59.5839
0.000182234	-59.7559
0.000174616	-84.0844
6.51636e-05	-21.8148
5.13391e-05	-46.5
0.00018506	-43.6841
0.00010371	9.9405
9.58632e-05	24.4984
0.000102093	2.70315
9.89073e-05	1.56982
9.58453e-05	-0.207113
2.53706e-05	-35.9977
7.86693e-05	12.8461
3.831e-05	-22.6929
6.47694e-05	22.7631
9.58126e-05	32.0365
0.000115444	66.0373
7.18677e-06	28.8225
1.65518e-05	17.3393
2.2748e-05	40.9985
3.06521e-05	23.1274
4.52113e-05	13.0481
5.54e-05	35.3437
6.0681e-05	14.936
6.78921e-05	39.6097
0.000119792	20.3376
0.000160834	-17.1324
0.000262692	72.2133
3.69205e-05	38.7726
4.54433e-05	38.6729
5.10609e-05	46.5591
7.6467e-05	18.7758
7.06848e-05	44.086
7.44253e-05	57.769
6.1583e-05	37.8145
0.000105442	52.0531
0.000216399	8.03339
0.000214671	3.61432
9.12311e-05	18.6863
1.60513e-05	10.3726
1.99283e-05	20.4509
4.05406e-05	-2.49403
4.22395e-05	0.0538148
5.44311e-05	-15.8274
6.66435e-05	-37.1998
7.66748e-05	-16.3587
8.37594e-05	-35.8515
8.25159e-05	-8.38878
9.08416e-05	-51.15
9.50698e-05	-7.7684
0.0001035	-55.8126
0.00011244	-39.5018
0.000160608	16.4911
0.000174631	-8.6486
0.000174672	-30.2512
0.000184625	-45.5092
2.63133e-05	-7.59921
4.84517e-05	-17.83
0.000181334	4.43272
0.000152513	-31.2583
0.000144309	-42.1088
0.000117273	-16.0279
0.000130165	-33.5782
7.04821e-05	-25.6062
5.89293e-05	-21.8064
8.84433e-05	-34.1655
0.000184479	-15.057
8.77487e-05	-48.1319
7.48568e-05	-41.8365
5.36355e-05	-43.4556
5.57967e-05	-48.3685
4.53869e-05	3.89559
0.000225844	-51.3682
0.000174633	-95.5606
0.000162655	-81.5632
0.000168836	-98.4022
0.000164138	-73.1405
0.000155497	-67.6009
0.000131874	-76.9405
7.95966e-05	-41.3699
2.96712e-05	19.063
5.09482e-05	-43.0057
0.000279171	-69.1653
8.84433e-05	-7.97272
5.66131e-05	-62.9618
7.59846e-05	-14.7123
8.51398e-05	-20.7101
7.9283e-05	-34.2198
1.77282e-05	-15.4283
9.12026e-06	28.5073
0.000151029	-7.95813
0.000136034	20.1115
0.000113405	4.11498
0.000109016	-0.93929
0.000111853	9.35204
0.000103368	2.26642
0.000102058	0.58509
8.0249e-05	-23.2343
8.57405e-05	-0.547907
9.45729e-05	4.51593
9.36007e-05	-19.3685
8.74378e-05	-16.0353
8.64259e-05	4.53395
0.000103779	19.4837
9.88775e-05	19.1047
9.94253e-05	10.5118
0.00010371	-8.36026
0.000112028	5.48877
7.82647e-06	19.2171
2.30942e-05	8.88254
4.49924e-05	4.77877
3.87429e-05	13.7053
5.38326e-05	-39.8047
7.0446e-05	-3.18347
6.97428e-05	6.97841
7.96174e-05	10.5247
4.64506e-05	62.6779
3.86765e-05	43.8239
3.87679e-05	62.2062
5.68505e-05	27.3444
8.92697e-05	72.2738
0.000279901	27.3814
6.43984e-05	69.2391
0.000282436	12.3034
6.3906e-05	75.6828
5.83911e-05	60.1715
2.40566e-05	-5.8877
5.13745e-05	1.47646
5.72035e-05	-42.7505
7.47714e-05	-20.5335
7.12547e-05	-14.9343
9.49642e-05	-43.8258
0.00010081	-29.5564
0.00012553	-36.1583
0.000124196	-46.6871
0.000155467	-56.6115
0.000228349	-31.4874
0.000291917	-30.77
4.75867e-05	-9.25776
0.000168239	-50.5838
7.63479e-05	-3.18273
0.00011556	-26.772
0.000156522	-45.3093
0.00018822	2.12936
0.000248631	-34.9769
8.86238e-05	-2.23484
9.28491e-05	-7.80517
0.000165943	-34.4606
7.23246e-05	-16.3232
2.08812e-05	-5.91798
0.000176553	-61.947
0.000175096	-57.3279
0.000154996	-64.1071
0.000163209	-24.7949
0.00012753	-25.6343
0.000118015	1.04398
9.74331e-05	-8.96697
9.75929e-05	-5.48482
6.83838e-05	-7.67558
5.1939e-05	3.1391
4.21903e-05	27.4894
0.000118995	-23.6889
0.000102085	-10.5318
0.000209417	-0.396464
9.39701e-05	-16.232
7.25749e-05	5.32658
0.000152061	-9.58609
0.00016045	-9.01463
8.91102e-05	-3.59504
3.83218e-06	18.0249
4.86154e-05	23.7054
4.1108e-05	-6.49506
3.21835e-05	-16.8697
0.000198406	14.9209
0.000176218	83.1401
0.000168412	-9.11543
0.000164075	-23.5331
0.000143744	7.76526
0.000123093	9.34905
0.000137001	4.4409
9.90305e-05	6.42972
0.00010397	15.5478
9.81355e-05	16.102
8.71479e-05	27.0666
8.81784e-05	7.32039
8.34318e-05	7.78662
7.38245e-05	20.3658
6.17327e-05	37.6548
2.40024e-05	5.85661
8.83208e-05	-2.62049
0.000148591	62.8761
6.77282e-05	-2.2651
8.14162e-05	2.09637
9.79179e-05	1.8644
5.54924e-05	-3.64821
0.000103245	59.4474
9.76656e-05	71.0852
7.61415e-05	75.9935
2.35645e-05	-16.8421
5.18636e-05	7.04654
6.09005e-05	-1.23342
6.4888e-05	0.319247
6.81084e-05	11.2801
6.75244e-05	-2.894
7.83454e-05	-38.4303
0.000137035	-43.2598
0.000177329	-32.7313
0.000186067	-26.5798
0.000181622	40.973
3.01892e-05	37.6199
3.07224e-05	23.9275
4.73323e-05	23.6323
9.44448e-05	-39.2766
0.000134276	-45.4186
0.000168244	-47.0512
0.000180524	-61.5534
0.000217021	-58.4781
2.58785e-05	16.3046
0.000173749	-24.114
0.000119961	-36.0963
6.07606e-05	4.59194
0.000114566	-12.2429
0.000153567	-30.0813
0.00015514	-26.9496
0.000147844	-25.0195
9.91941e-05	-9.30782
0.000133265	-16.516
0.00022956	-44.8942
0.000198818	-14.3598
8.48686e-05	-8.50002
5.59104e-05	10.7699
0.000199413	-63.0754
0.000189423	-59.4806
0.000156475	-19.6392
0.000154314	3.75819
0.00014922	-3.16376
0.000147061	-33.2635
0.000123278	-17.6159
7.56039e-05	-18.2995
7.06198e-05	-58.8837
6.47589e-05	-20.928
0.000131023	-41.0573
0.000278831	-91.906
0.000108089	21.4299
0.000159463	-5.34064
2.57879e-05	33.7806
4.15759e-06	22.2241
4.1491e-05	41.4976
0.000154662	52.6312
0.00015065	37.8877
0.000139311	38.5751
0.000131477	4.80816
0.000125443	30.9919
0.000127183	9.38042
9.80322e-05	8.42325
0.000104249	19.7186
6.98029e-05	-43.1623
6.4129e-05	15.4012
5.7935e-05	33.8968
4.33803e-05	37.2809
3.67364e-05	16.9174
7.14329e-05	51.6831
0.000124501	54.5342
0.000147763	40.4472
0.000124544	47.437
0.00017227	33.9724
0.000169445	56.8954
0.000142829	48.4911
0.000125318	37.4471
0.000102849	81.1995
0.000100513	75.8355
9.0147e-05	49.6594
5.39804e-06	42.6962
3.80284e-05	14.1399
5.19452e-05	17.6142
5.68779e-05	-7.45855
6.36044e-05	1.69707
6.7734e-05	-5.67464
9.18058e-05	27.6024
0.000104162	0.00138314
0.00020657	-23.2119
0.000165146	-48.1681
7.00154e-05	-50.9648
3.2362e-05	17.0786
0.000140658	-65.2651
0.000133535	-41.8495
0.000121964	-18.038
0.000145403	-20.5084
0.000200171	-75.3883
0.000277628	-62.0248
0.00017889	-25.3246
8.98632e-05	-19.4372
7.14444e-05	12.227
0.000159538	-7.16314
0.000168799	-23.4603
0.000156339	-19.1861
0.000118858	-14.1513
0.000177359	-39.1569
8.78048e-05	0.896089
1.76035e-05	32.5468
0.000210603	-73.9928
0.000174983	-13.0973
0.000171498	-22.1662
0.00013208	43.2499
3.76678e-05	9.99007
0.000236764	-54.0039
0.00011505	25.1154
5.75354e-05	34.708
0.000257548	-68.0816
0.000295038	-87.0186
9.33973e-05	42.6765
0.000116989	10.5811
2.06585e-05	7.24102
4.15302e-05	35.993
0.000191576	14.5742
0.000184625	22.1047
0.00016645	-5.9614
0.000164086	-7.76585
0.000164105	-10.6452
0.000158016	-22.388
0.00013931	15.926
0.000126382	26.0118
0.000128127	32.2378
0.000113225	17.8367
8.38193e-05	12.4418
7.28486e-05	-13.5319
6.35929e-05	-4.15967
5.91651e-05	-81.9261
4.10672e-05	0.155357
0.00010972	11.4421
0.000142722	46.5805
6.13172e-05	5.7108
6.9462e-05	-2.05665
1.61194e-05	-24.562
2.66768e-05	-11.767
4.5388e-05	-7.89459
6.50562e-05	-2.92666
8.55977e-05	3.10137
9.1001e-05	-22.941
9.43373e-05	-2.93031
0.000104379	0.136494
0.000113189	12.6927
0.000130071	-12.5803
0.000120502	-18.4809
0.000122705	-0.0195106
0.000124543	-18.9423
0.000133159	-16.8805
0.000167357	-19.7489
0.000157269	6.99531
0.000159541	7.77134
0.000202544	-9.98907
0.000193947	-0.73629
3.41091e-05	-33.6213
5.03777e-05	-22.4084
0.000107414	-31.7244
0.000186998	39.2768
7.20703e-05	-2.72819
1.79426e-05	-10.17
2.72914e-05	-16.8423
3.03622e-05	-8.86741
4.01146e-05	-1.66117
3.98602e-05	-10.2833
4.78733e-05	-16.2074
5.14834e-05	-3.0794
8.71442e-05	-11.6559
7.16358e-05	-46.3017
7.72224e-05	-51.0425
0.000105343	-10.6511
0.000117461	-34.3176
0.000120422	-23.5149
0.000131613	-37.8533
0.000136506	-46.5557
0.000148561	-37.1523
0.000141521	-29.1163
0.000183209	-49.0512
0.000187483	-37.5221
0.000263335	-51.0824
0.00010203	-29.3064
0.000114898	-19.3278
0.000127473	-23.9215
6.86423e-05	-15.8938
0.000101831	-5.69958
0.000143544	2.71307
0.000114448	-33.8811
0.000263721	-48.5159
0.000257175	-43.0228
0.000185683	-23.9372
0.000162479	-20.6086
0.000278972	-44.6975
0.000212993	1.23475
0.000179633	-5.6482
0.000188727	0.134101
0.000175861	-76.1793
0.000124108	-28.7014
0.000119471	-20.7158
0.000118133	3.31852
0.000108156	-12.3769
9.12285e-05	-13.7784
9.43373e-05	1.19873
7.46583e-05	29.8505
0.000158084	9.74434
0.000160818	16.8295
0.000132162	-7.61229
0.00012334	-0.604084
0.000135149	-11.8249
0.00013017	3.62301
0.000106983	-18.5885
0.000130213	12.912
3.06927e-05	-19.7915
1.30694e-05	-96.7099
4.77998e-05	7.44463
3.40249e-05	-7.58385
0.000199424	13.9501
0.000118288	-24.8311
0.000102622	33.3332
9.63645e-05	16.7461
8.54642e-05	-0.905384
2.18581e-05	-27.8754
6.25316e-05	-67.6446
0.000122712	-5.52597
0.000125961	-3.49558
0.000136616	-21.6488
0.000156444	-30.7004
0.000152521	-27.9693
0.000148755	-6.01494
0.00015742	-11.4881
0.000174848	-25.1359
0.000211872	-7.74325
0.00024004	-32.3538
8.69473e-05	-12.3318
8.07653e-05	14.5168
1.45962e-05	-45.6298
3.55685e-05	-40.3942
2.40942e-05	-33.9438
3.47906e-05	-45.9779
3.42325e-05	-62.368
4.29923e-05	-75.7018
9.89424e-05	6.52633
0.000106956	34.3682
0.000142202	-9.02222
0.00013333	-2.71978
0.000152398	-17.5977
0.000164128	-19.3962
0.000179137	-39.4569
4.70419e-05	-8.09386
9.05062e-05	-15.9817
6.79007e-05	2.82056
0.000234553	-41.7679
0.000220401	-37.6734
8.79528e-05	3.98379
0.000127792	-17.1022
6.18533e-05	-5.54387
0.000195045	-25.1958
0.000162639	-39.2913
0.00011907	0.285102
0.000215021	13.4546
0.000117477	-6.02751
9.25252e-05	-2.8347
0.000182022	-3.52672
0.000116681	3.70044
0.00010611	2.17053
6.66559e-05	-44.9845
0.000120032	7.92489
0.000115898	2.05833
7.77248e-05	-35.9095
0.000237672	-31.6221
4.00227e-05	19.4283
5.24755e-05	7.34737
5.83374e-05	1.45534
0.000166261	-35.1387
0.000117451	-19.2931
0.000116127	-31.4017
0.00010994	-30.0807
9.41115e-05	1.63354
0.000106983	-14.8636
6.11255e-05	17.804
7.10696e-05	6.0215
7.35759e-05	7.34033
6.59403e-05	2.39615
2.91515e-05	37.4279
4.15261e-05	37.6177
0.000242779	-29.0457
8.79265e-05	23.8077
0.000101346	-3.10663
5.85669e-05	19.6085
6.5691e-05	23.8475
5.03563e-05	31.0756
4.33168e-05	-4.97669
4.30153e-05	3.43497
4.02653e-05	-2.63454
3.70139e-05	-5.72637
0.000126404	-0.725597
9.02529e-05	9.86909
0.000116978	32.9663
0.00010325	6.22696
8.78413e-05	-15.4078
9.34017e-05	-3.30664
8.79368e-05	5.8167
8.60401e-05	-7.22206
6.92155e-05	6.98646
6.61763e-05	14.3947
6.02441e-05	1.23284
5.45111e-05	1.07624
8.21696e-05	21.0279
0.000106611	-43.9204
8.46391e-05	23.7666
0.000123136	-4.96722
0.000128017	-15.7311
4.05342e-06	-60.7935
3.55851e-05	-54.084
5.67232e-05	-52.4046
9.27974e-05	-5.3392
9.58454e-05	6.81204
0.00012296	-16.5656
0.000136523	-15.5765
0.000148219	-8.41201
0.000144276	-12.7336
0.000155927	3.65319
0.000183569	-13.1455
0.000207772	-31.4038
0.00023605	-44.6243
0.000259389	-18.1507
5.10402e-05	-43.1646
4.04361e-05	-55.024
0.000114851	68.9769
0.000121926	49.6884
5.38514e-05	-6.77601
1.56246e-05	-86.1924
2.6248e-05	-72.6902
2.74292e-05	-47.399
3.46663e-05	-87.5359
4.9833e-05	-68.2736
0.000155796	-29.6259
0.000190487	-20.1883
0.000195568	-25.5027
4.2381e-05	-51.6655
3.17514e-05	-24.7885
0.000155984	-43.5433
0.000128897	-40.8425
6.54897e-05	-30.6123
0.000178477	-60.6194
0.000105347	-45.3778
0.000242629	-53.3988
0.000235419	-7.1225
0.000214195	-31.6783
0.000143663	13.6913
0.000113991	-37.8152
0.000168743	9.90872
0.000173608	-0.668706
0.000168741	1.14325
0.000159533	13.161
0.000271978	-47.1773
0.000198511	-2.19143
6.26999e-05	18.1405
3.43317e-05	7.49769
0.00014358	-37.8421
0.000125164	-6.1388
0.000113246	11.7677
0.000111995	17.9803
0.00010043	25.3476
0.000103704	6.78345
0.000105328	42.6526
9.35599e-05	37.8824
3.10961e-05	-30.6743
3.66103e-05	-42.5538
0.000124543	-27.0362
4.79422e-05	19.5071
3.89005e-05	21.1735
0.000155368	0.153954
0.000142925	8.05128
0.000141076	-0.492599
0.00014163	23.0259
0.000120851	25.7067
9.47565e-05	18.2064
7.53121e-05	20.8413
6.7445e-05	12.1051
6.26489e-05	11.9828
6.0281e-05	26.9999
5.00114e-05	7.35783
6.08212e-05	21.3427
6.55858e-05	34.4648
2.37277e-05	11.688
6.0489e-05	-35.1192
5.71918e-05	69.234
6.69001e-05	31.6425
6.37019e-05	65.1377
8.30926e-05	-48.0481
9.71194e-05	-43.9658
9.75795e-05	-58.9962
0.000124571	-32.7843
0.000116277	-42.4751
0.00012835	-54.1035
0.000170189	7.73222
1.83557e-05	36.893
2.96966e-05	49.4661
5.59014e-05	26.6405
0.000130583	56.1441
9.00761e-05	26.5248
7.87341e-05	14.8185
8.38521e-05	32.5317
9.73122e-05	7.61065
4.45224e-05	-16.1589
8.36896e-05	-6.78907
0.000110898	-43.8227
0.000113871	14.32
0.000189314	-28.4199
0.000124981	-49.6149
9.42631e-05	-67.7201
0.000158068	-17.4281
8.18496e-05	-21.897
0.00011659	-24.636
0.000137843	3.19077
0.000179545	8.41959
0.00016119	-0.461853
0.000200975	-5.75195
2.77497e-05	-14.1311
2.41896e-05	-9.99292
1.71679e-05	14.8636
4.81901e-05	9.29298
3.26985e-05	-20.9566
2.58841e-05	-0.895334
0.000164015	-100.309
0.000139774	29.4365
0.00012312	28.9754
9.21822e-05	57.9251
0.000105296	5.95322
9.34688e-05	-1.10206
0.000103453	17.0303
9.39839e-05	19.7004
8.34442e-05	7.17946
6.87812e-05	14.6792
7.00488e-05	12.1482
0.000113069	-3.68387
9.24885e-05	-15.1257
8.33993e-05	-20.0448
8.2367e-05	-0.378853
0.000124172	-16.1813
0.000111394	-23.5104
0.000157718	-29.5353
0.000176069	-37.6617
0.000165667	-41.5687
3.09416e-05	-6.05758
0.000111152	22.0916
9.41127e-05	-18.386
9.23362e-05	-2.82852
5.82917e-05	11.1763
0.000112585	7.83979
5.72832e-05	-12.4986
9.00907e-05	-12.4936
9.86415e-05	-20.4003
9.08648e-05	-13.3494
1.80261e-05	-28.8934
2.07308e-05	-27.8058
2.85897e-05	-23.0465
2.84471e-05	12.5454
5.85968e-05	7.86355
3.57965e-05	-15.3829
4.5055e-05	4.67501
7.73566e-05	-36.9422
8.27895e-05	-0.639726
0.000106636	-48.2595
0.000124267	-40.8411
0.000130032	-49.6661
0.000132836	-49.0084
0.000140827	-25.2858
0.000178531	-11.6773
0.000188727	-10.1219
0.000204994	6.83367
2.69755e-05	-30.3048
3.83062e-05	-20.9679
0.000130824	54.1085
0.000136608	51.0159
8.80286e-06	-12.3448
6.96021e-06	-5.96092
1.21197e-05	-16.9513
4.36088e-05	3.63548
3.69113e-05	11.8565
5.77498e-05	2.96521
6.31639e-05	-1.35833
7.48057e-05	-13.7312
9.27703e-05	-5.68552
0.000107558	-10.6054
0.000123529	-40.9866
0.000169224	-15.4337
0.000142432	-29.882
0.000224372	-43.3166
0.000231512	-66.5995
0.000108583	-20.5629
0.000188949	-18.3893
6.62168e-05	-12.3948
0.000160429	-5.1956
2.60675e-05	-26.8077
2.24388e-05	-25.674
1.85862e-05	-20.517
1.424e-05	-12.262
4.65739e-05	-35.1492
4.36556e-05	-39.7816
0.000110618	27.338
0.000100751	-14.3082
9.89327e-05	1.81717
9.581e-05	16.557
7.35629e-05	-16.4215
7.13206e-05	1.67516
6.14046e-05	-31.0546
6.47351e-05	-8.7884
8.91486e-05	11.6133
9.20954e-05	-1.81704
0.000130179	-13.8734
2.87768e-05	-40.6247
4.28404e-05	-28.3507
4.24864e-05	-23.0555
0.000193988	16.3946
0.000144293	35.2804
0.000136096	14.3758
0.000126404	0.505301
0.000114278	4.19846
7.32233e-05	-35.8521
6.63639e-05	-35.8307
9.99216e-05	-19.0856
0.000109958	-0.633758
7.66635e-05	-17.9423
4.8069e-05	-26.3536
4.20644e-05	-19.0448
5.11293e-05	-16.5353
7.05427e-05	-4.90684
0.000156344	-16.2192
0.000170408	19.7562
4.73482e-05	-33.8266
4.6924e-05	-49.3731
4.89286e-05	-0.107649
7.86895e-05	-26.0905
0.000175818	5.86303
2.97375e-05	-3.94265
3.62513e-05	27.1025
5.22481e-05	2.0879
8.03705e-05	-5.60952
8.41659e-05	21.7771
9.56131e-05	1.93516
9.38169e-05	-5.5956
0.000107846	3.99837
0.000133827	-20.7516
4.63891e-05	-5.49073
6.7385e-05	-0.679708
4.55107e-05	6.92641
3.89407e-05	22.4
0.000111034	-19.576
9.42948e-05	-17.8557
0.000177553	-50.4986
0.000110807	-5.76711
8.47581e-05	-3.41767
9.65109e-05	10.0399
0.000200354	-24.0021
0.000167882	-17.5125
1.42673e-05	-44.0646
1.05409e-05	-40.0249
8.76863e-06	-35.8544
6.02367e-05	-18.4906
5.0099e-05	-14.458
3.25049e-05	-33.6603
3.28281e-05	-32.1325
3.02438e-05	-23.3216
0.000146604	9.19281
0.000149034	-23.4477
0.000103169	-27.5744
7.19032e-05	-19.414
5.75029e-05	-20.4157
5.38536e-05	-5.9164
9.47537e-05	-11.1637
7.17265e-05	-17.1615
6.34576e-05	-14.7654
8.66391e-05	-16.3479
0.000168009	-26.3354
0.000139566	-26.4492
7.68483e-05	-15.6665
4.75072e-05	-29.2337
3.27268e-05	-14.856
5.28389e-05	-7.95426
6.6808e-05	-30.7223
0.000185972	39.6676
5.9399e-05	-1.88067
6.3906e-05	-3.33704
0.000102927	-22.6851
0.000214825	-41.396
3.20891e-05	-17.9344
0.000106273	9.59185
6.4067e-05	-20.6925
1.73664e-05	-36.2405
8.81554e-05	2.6087
9.35833e-05	-9.23827
9.71225e-05	-13.9601
9.97228e-05	-3.96792
0.000116717	-5.19131
0.000111796	-33.4424
0.00014042	-13.9539
0.000134004	-11.2321
0.000207334	-3.04263
4.12047e-05	-14.9518
0.000140546	-10.7829
5.68852e-05	4.71388
7.90588e-05	-15.6858
0.000119012	-35.5273
0.000115457	-37.6321
0.000115191	-28.785
0.000131695	-34.6677
0.000202778	-66.6655
0.000184624	-38.2172
0.00022631	0.634552
0.000222331	16.9791
1.55938e-05	-52.6984
4.99224e-05	9.78097
4.91192e-05	9.11539
4.33342e-05	-20.7296
3.32805e-05	-10.5328
0.000122068	-4.20813
9.02821e-05	-68.215
7.56265e-05	-11.2552
6.16279e-05	-59.9308
5.03302e-05	-51.8488
4.09412e-05	-11.7438
4.29141e-05	-10.4916
0.000107118	-19.0587
2.84136e-05	-65.8306
8.72696e-05	-59.1662
2.7996e-05	-14.2987
0.000116355	-7.73355
0.00012349	2.57558
0.00012791	13.0985
3.92979e-05	-4.80932
4.15915e-05	-9.87567
4.30549e-05	-9.71901
6.23888e-05	-43.6463
7.60682e-05	-22.1885
0.000110898	-17.5875
0.000114795	-45.0112
0.000122064	-6.74087
0.00013505	-13.465
0.000155998	4.83212
0.000223574	14.4578
0.000248908	0.996902
0.000252552	19.4065
0.000256391	17.0046
4.8247e-05	-82.9253
0.000193854	52.3881
0.000106032	17.98
7.14999e-05	-18.3619
8.30926e-05	4.59316
0.000104034	7.15651
9.74251e-05	-6.6692
5.72161e-05	11.0512
9.46078e-05	-12.3726
2.48412e-05	-49.3578
3.0833e-05	-12.9108
4.18038e-05	-13.6793
6.50668e-05	-8.8923
9.74985e-05	-7.99562
0.000130196	9.90579
3.95991e-05	21.0198
2.20068e-05	5.9561
0.000177517	11.7708
6.04163e-05	37.2486
0.000180481	-39.6896
7.08887e-05	-23.4914
5.90031e-05	-28.9122
0.000231512	-25.204
2.26386e-05	29.6404
2.00355e-05	15.9023
1.46364e-05	4.41721
3.86751e-05	41.5203
0.000229994	-57.4069
0.000153931	-59.4089
0.000149467	-51.4298
0.000118876	-81.9045
0.000104169	-33.1372
8.41628e-05	-86.4869
8.07058e-05	-70.8914
6.95201e-05	-56.4766
3.58032e-05	19.3405
0.000108153	-14.9242
8.01856e-05	-5.09951
7.39109e-05	48.3108
2.56774e-05	-18.1432
5.01875e-05	-59.2962
3.42093e-05	-18.5262
7.43714e-05	-37.9405
7.35171e-05	-17.7731
6.58598e-05	-27.5747
5.54467e-06	29.8561
2.52896e-05	13.3228
1.67365e-05	12.1987
2.0407e-05	-2.04329
4.32347e-05	1.75936
4.69183e-05	-4.97353
5.82911e-05	-28.0828
6.34776e-05	-34.0569
9.4305e-05	-84.2787
9.92238e-05	-46.8236
0.000120898	-34.2746
0.000148652	23.6593
0.000169682	41.0493
0.000171994	-15.2688
0.000210637	-7.66402
2.97401e-05	42.5585
3.71382e-05	24.0332
8.33658e-05	-21.7283
0.000120429	11.1319
0.000118899	0.30604
7.7862e-05	15.6095
4.57505e-05	-5.95513
6.16369e-05	-28.9269
7.26945e-05	-12.3976
0.000101787	18.3424
0.00010695	-22.6979
0.000121629	36.3665
0.000150647	7.16096
0.000286931	-22.3233
6.22817e-05	30.8312
3.54811e-05	47.1431
2.96098e-05	75.4845
5.57839e-05	38.7385
0.000247304	-50.0095
6.56243e-05	-37.3858
5.84683e-05	-26.5503
0.000130179	-2.17334
0.000223565	-85.3179
1.50808e-05	52.0192
1.5428e-05	57.0341
3.55097e-06	49.4652
4.72085e-05	23.0458
0.000170966	-94.1131
0.000125485	-86.1726
0.000112958	-24.2195
9.89571e-05	6.60221
9.7389e-05	1.21672
8.47936e-05	-59.918
6.23716e-05	-30.5188
0.000281006	-19.5488
0.000267945	-17.3641
0.000138836	48.27
0.000116717	12.4947
5.99752e-05	44.3426
0.000103063	-14.5301
7.0679e-05	48.9489
5.53761e-05	16.4215
4.29709e-05	50.4754
9.7672e-05	-47.0659
6.2155e-05	30.226
5.20812e-05	36.1635
0.000102093	-30.5194
0.000105247	-13.0506
0.000154998	8.9758
7.6473e-05	-35.3727
1.07247e-05	2.89133
2.13975e-05	2.00186
1.45795e-05	-3.18216
3.2359e-05	-10.9435
4.77891e-05	1.79946
6.08293e-05	-13.0182
0.00010287	-59.0256
0.000126568	-64.7294
0.000202344	6.13693
0.000176877	-30.1821
3.39105e-05	-15.4013
3.13779e-05	-8.27561
5.00507e-05	7.06121
5.20272e-05	12.4323
0.000115961	0.904995
0.000129609	-5.46157
0.000101322	5.42693
0.000129879	-13.9349
0.000140506	6.68539
0.000113415	-37.4809
9.7389e-05	25.9212
0.000122054	-15.7569
9.69779e-05	24.6697
5.45778e-05	12.2182
0.000144841	-37.6221
2.80384e-05	22.4212
7.1428e-05	-30.7027
8.0102e-05	-28.1908
8.05072e-05	-17.4842
0.000117116	21.5474
0.000131636	28.7882
0.000133477	2.89545
0.000134065	-7.78006
0.000144809	-6.32556
0.000175046	2.23816
5.34789e-05	15.3894
0.000104705	22.8521
0.000107827	-37.5119
0.000186951	-10.7971
0.00018189	-18.8572
6.63989e-05	-21.4072
2.68974e-05	8.22918
0.000144755	-106.781
0.000121284	-45.4075
0.000110837	-75.204
5.73587e-05	32.2725
3.05219e-05	17.995
4.74268e-05	48.9547
0.000171241	32.5148
0.000107405	9.92492
0.000110557	7.31639
9.67749e-05	-1.60667
8.44211e-05	-15.7259
6.4002e-05	19.1671
5.79731e-05	12.8131
0.000101734	-41.8848
0.000119156	-10.9871
5.97291e-05	48.8994
0.000143388	15.9312
0.000137277	3.08062
0.000199453	68.8663
7.50067e-06	34.8529
2.0859e-05	16.5646
3.95449e-05	16.7058
0.000123931	-45.7018
7.60145e-05	4.42589
2.19071e-05	25.7937
2.7124e-05	24.9347
3.3722e-05	25.672
0.00015139	11.7185
0.000125303	15.226
0.000151031	16.1168
0.000159458	28.2941
1.87274e-05	45.5426
9.40556e-06	17.4887
2.48098e-05	25.6924
6.34746e-06	17.4878
3.63775e-05	2.0548
3.47677e-05	18.887
5.01984e-05	3.09441
6.10814e-05	-24.3901
5.50714e-05	2.43376
7.48312e-05	-15.5661
8.69741e-05	-6.93133
0.000107267	-35.0091
0.000107601	-19.3563
0.000118495	13.4981
0.000131281	27.3255
8.11132e-05	-26.9599
0.000161503	-12.0156
9.82249e-05	-35.5794
0.000200248	-17.8245
0.000206862	-14.1349
0.00019634	-15.1719
3.05959e-05	25.6491
2.16448e-05	14.658
0.000138721	-39.2184
0.000120068	-35.8888
9.43644e-05	-26.7609
7.49579e-05	-9.93561
3.9505e-05	26.4613
0.000116681	9.75904
1.48498e-05	12.6361
5.21393e-05	45.8243
3.86361e-05	48.1496
0.000154425	22.4287
0.000130243	-22.3721
0.000116682	-45.73
0.000121007	-7.80183
0.000111418	-26.4082
9.2744e-05	-3.03535
4.03387e-05	2.16933
0.000136969	23.3812
5.89203e-05	-0.00610417
6.98268e-05	-4.13247
0.00013517	12.3104
5.68081e-05	-1.23924
7.11882e-05	3.16693
6.13396e-06	35.4406
1.3866e-05	31.6999
2.31181e-06	38.2555
2.9384e-05	29.9933
5.80107e-05	26.9893
0.000108639	28.0016
0.000155029	49.4223
3.67649e-05	31.339
4.79041e-05	32.2913
0.000121297	3.71814
7.27194e-05	-34.1068
0.000119048	4.75597
7.39018e-05	7.4339
0.000153188	-3.21971
9.28292e-05	13.3932
0.000101312	39.0396
0.000120866	39.813
0.000155027	-15.6246
1.85925e-05	18.1797
1.2819e-05	19.0694
2.63245e-05	-2.82003
5.15523e-05	16.032
0.000120391	-48.7074
0.000194461	-21.7327
3.64084e-05	17.7695
3.30874e-05	17.5239
0.000142074	13.6185
9.2628e-05	-21.7466
0.000134671	-25.4072
6.41292e-05	8.96136
0.000295038	-36.4135
4.60835e-05	38.0304
8.98136e-05	4.58124
0.000164128	22.5349
3.49144e-05	32.579
0.000150595	-16.6803
0.000116206	-36.9606
8.76079e-05	-54.5153
7.76854e-05	-14.7808
7.35184e-05	-7.0954
5.42921e-05	38.9832
2.96137e-05	22.6982
4.04042e-05	-4.3669
0.000145162	-17.182
7.22241e-05	39.5067
0.000128818	-11.8297
1.52609e-05	31.626
4.63501e-05	14.611
6.70541e-05	5.98608
7.35937e-05	10.9722
9.01847e-05	-5.74958
8.87107e-05	24.9608
0.000114276	39.3031
9.40047e-05	5.02248
0.000115498	8.58257
0.000126033	6.686
0.00014157	41.8703
0.000168728	16.3151
0.000218255	30.9309
0.000262758	60.8311
0.000225424	31.8853
0.000142186	49.0081
7.33531e-05	45.5014
1.52685e-05	37.0926
2.73179e-05	40.7312
4.65325e-05	27.1642
5.35756e-05	-11.5492
6.0552e-05	12.7183
7.25251e-05	18.3434
0.000142146	-44.0215
0.000128923	6.25906
0.000142195	-23.3959
0.000159471	-26.0147
3.11559e-05	52.9497
0.000147815	39.1396
0.000115459	13.5275
0.000108665	35.3814
0.00011901	7.60603
0.000112028	7.16034
0.000122684	-6.25029
0.000115498	2.3908
4.21012e-05	15.7495
3.76184e-05	19.6993
0.000175908	12.9792
0.000180211	18.7738
0.000156522	-5.66129
0.000143136	2.65712
0.000132152	-25.3234
0.000133695	-14.8498
0.000159033	29.5479
7.30018e-05	56.0337
7.19066e-05	48.6965
0.000137716	27.792
0.000171434	14.0866
0.000137542	-3.92514
0.000155027	7.05743
0.000120866	-20.2977
7.06068e-05	21.3068
6.82544e-05	4.42934
8.32545e-05	8.12442
8.68765e-05	21.3843
0.000111598	43.9658
0.000125417	30.9109
0.000116206	12.2529
0.000143555	23.6101
0.000150647	-9.21736
0.000180412	8.26442
0.000201656	-64.8045
0.000217219	-7.12741
0.000133166	89.4485
0.000156689	91.81
0.000180111	32.3771
0.000249253	44.5201
0.000148507	56.9154
0.000157632	15.4381
0.00026172	56.4662
0.000123495	21.4914
7.38335e-05	75.5548
0.000102118	48.561
4.40459e-05	-21.3596
0.000154735	7.93385
3.50828e-05	30.2073
5.95432e-05	-3.32657
0.000133627	-1.88804
0.000144018	-16.102
0.000174344	-43.9744
0.000149467	-32.1195
0.000107087	-5.76167
6.098e-05	60.0333
0.000123923	-7.70791
0.000123074	-16.8119
0.00011662	-2.27468
2.53849e-05	20.3996
3.52239e-05	40.5419
7.1797e-05	3.85876
5.76493e-05	-0.483258
5.10603e-05	68.834
0.000227	33.6504
0.000223351	43.2853
3.74437e-05	61.3699
3.91602e-05	54.3822
0.000135123	46.9968
0.000108406	50.1377
9.99519e-05	94.229
0.000112741	61.0566
0.000107502	72.472
0.00015248	35.0304
1.93371e-05	7.20582
3.09198e-05	13.8728
4.30977e-05	12.7697
6.10929e-05	6.81992
6.85307e-05	-2.39052
6.3906e-05	-11.9134
8.51187e-05	17.7312
7.80437e-05	41.9738
8.39429e-05	12.5046
8.97999e-05	-4.19861
9.29573e-05	2.97658
9.35833e-05	12.8683
0.000107876	20.9178
0.000141922	41.3782
0.000146422	43.591
0.000153515	17.5424
0.000169173	21.4321
3.11273e-05	13.5313
6.93111e-05	40.9562
8.35429e-05	25.8393
0.00012936	34.1056
0.00016254	35.7399
0.000167619	82.7751
0.000162917	30.7813
0.000197431	37.8937
0.000142214	16.924
5.92603e-05	37.6218
2.57881e-05	20.4257
4.18999e-05	-5.60388
5.00959e-05	-15.9651
0.000108385	-53.8669
0.000105353	37.2985
0.000175738	-45.7672
0.000177611	-21.2715
4.64679e-05	12.9362
0.000204367	-15.4632
0.000106884	40.0494
0.000155792	-27.0321
4.32566e-05	22.8969
8.2571e-05	-12.9602
2.0547e-05	14.189
4.69441e-05	26.0571
0.000201366	67.4774
0.00012849	72.3502
0.000100064	35.6046
8.2923e-05	29.3851
7.2489e-05	63.1455
5.41714e-05	39.6443
5.20063e-05	29.5272
3.59552e-05	1.97808
2.25079e-05	29.3603
0.000168827	87.0835
0.000152106	83.5993
0.000207237	88.7725
0.000213501	80.2201
5.72232e-05	20.6803
0.000144227	60.1048
0.000170383	71.5086
0.000113633	39.0002
0.0001915	83.5009
0.000142123	39.0056
0.00019941	69.8567
8.17585e-06	-11.1601
5.1304e-06	38.0314
2.55622e-05	65.206
3.19545e-05	3.86911
3.58689e-05	76.3674
3.93028e-05	69.6151
4.64305e-05	55.4228
4.23196e-05	60.1967
5.17723e-05	44.9566
5.58959e-05	45.6748
5.97491e-05	69.8532
8.63202e-05	-20.1602
0.000115596	34.7985
0.000178301	31.8036
0.000207959	23.6965
0.000211345	28.282
0.000103465	-5.63868
8.70039e-05	-3.42641
0.00022236	19.5184
0.000267969	31.7973
0.000268366	22.8526
0.000113728	7.44415
0.000128929	20.3064
9.65239e-05	-8.7076
9.85947e-06	31.815
1.27697e-06	24.7721
2.01031e-05	13.9778
2.02292e-05	28.025
5.32676e-05	-8.35583
4.5999e-05	41.53
5.50448e-05	20.1186
5.66297e-05	18.7656
7.66013e-05	13.5149
8.7016e-05	5.47306
9.58262e-05	12.7828
0.000119621	43.5461
2.85166e-05	23.2173
0.00020514	-25.6406
0.000194946	-42.6134
0.00016897	-22.2052
7.01964e-05	-27.1845
0.000164208	-51.4294
9.0419e-06	13.4737
3.51676e-05	19.5555
3.43269e-05	29.4609
0.000142079	15.0143
0.000119937	19.2313
0.000134111	15.7779
0.000118512	11.6145
0.000107921	-10.3753
0.000106005	13.2305
9.58454e-05	32.6164
8.60537e-05	25.0709
7.54326e-05	37.8596
0.000122683	3.2099
8.58245e-05	-36.7477
7.23246e-05	14.8966
7.35255e-05	-17.1348
0.00025416	-24.4164
2.26957e-05	20.3787
2.3189e-05	21.777
0.000294735	59.5847
0.000151857	93.877
0.000106088	40.8014
8.85024e-05	51.1919
8.55978e-05	50.1477
7.81157e-05	49.6272
6.8334e-05	36.6846
6.06078e-05	29.1793
6.17901e-05	32.2198
5.6075e-05	37.52
5.26969e-05	36.5243
5.19966e-05	33.1995
9.05247e-05	67.1389
7.6905e-05	47.3473
8.11618e-05	56.8897
0.000183599	69.9108
0.000173608	67.3035
0.000100721	44.1519
0.000117261	33.9683
0.000167233	50.03
0.000123037	41.4362
5.22589e-05	21.5466
7.42042e-05	41.3511
9.23003e-05	9.25896
0.000107922	-8.50112
0.000135057	47.4666
0.000122684	-9.64777
0.000132563	-4.90706
0.000134111	6.56128
0.000155474	57.3227
0.000167345	39.0297
3.21444e-05	14.3724
0.000129114	30.1416
0.00013301	31.7947
0.000150498	49.0591
0.000169578	56.7279
0.000176016	41.18
0.000152067	42.9486
0.000172669	47.4067
0.000140067	-15.0275
0.000204299	16.945
0.000279448	5.64268
0.000149179	-6.66782
0.000181771	6.77452
0.000264434	26.676
0.000128758	-21.3874
8.53886e-05	67.1809
8.10995e-05	20.1974
0.000138812	-4.04469
0.00015103	0.811121
0.000145903	50.6976
0.000166179	17.0486
8.53214e-05	0.306337
0.000232105	-32.1644
0.000191526	-44.529
0.000182284	-47.1321
3.69605e-05	23.7261
0.000151303	-30.6707
0.000153537	9.35552
0.000151542	10.5877
0.000143531	16.4174
0.000127697	-15.4186
0.000126675	0.195213
0.000115648	14.5334
0.000112764	1.9334
0.000103461	-26.8722
0.00010371	8.24211
9.73891e-05	10.7232
8.52845e-05	-44.9455
7.80362e-05	22.5257
4.62598e-05	-6.66482
3.71194e-05	13.1609
4.24777e-05	42.2197
7.26422e-05	-45.416
9.79066e-05	-37.8531
0.0001276	-59.5534
2.77067e-05	13.3809
0.000172219	76.2757
0.000142137	48.429
0.000134046	40.3078
0.000115425	54.5177
0.000108655	14.7663
0.000104869	6.48072
0.00010479	31.2993
9.37551e-05	6.11144
4.5933e-05	44.3472
0.000274982	36.1415
6.32785e-05	37.7753
7.84477e-05	50.146
7.45507e-05	48.4075
8.21125e-05	57.8911
0.000111022	10.8143
6.27119e-05	34.3688
0.000132431	23.0079
0.000125473	34.0016
5.82126e-06	43.906
2.49517e-05	39.8641
1.65678e-05	31.2831
3.48274e-05	56.3667
4.38529e-05	53.0455
5.25101e-05	54.9791
6.10537e-05	44.0639
6.22004e-05	51.3941
7.03601e-05	43.3489
0.000109196	17.7364
0.00010863	18.2991
0.000126056	30.1056
0.000135068	34.7322
4.51016e-05	28.7026
7.23184e-05	24.2505
0.000138789	44.5595
0.000195496	6.1719
0.000159804	58.0502
0.000250312	19.3091
0.000186087	-2.14362
0.00024947	23.5785
7.35672e-05	74.2811
0.000183728	4.07433
0.000227218	23.0473
1.57512e-05	38.3222
2.31132e-05	27.5346
3.90167e-05	56.027
5.3603e-05	19.0099
9.84372e-05	2.8259
0.000116908	-2.90322
0.00014896	13.2443
0.000171721	8.47384
6.53112e-05	44.472
0.000206086	-58.0756
6.20327e-05	28.9505
0.000113473	3.93319
0.000219167	-23.5233
0.00014321	-45.5745
0.000159511	-12.0599
0.000137322	-3.10228
8.55978e-05	9.19894
0.00014262	-21.4152
0.000146544	-23.5822
0.000110898	12.2545
2.19343e-05	46.7856
3.04064e-05	32.0387
0.000188727	-14.2467
0.000136106	68.6155
0.000117435	-4.34934
0.000119048	24.6716
0.000117798	13.6721
8.27211e-05	52.3792
6.11409e-05	37.4605
4.89906e-05	34.0117
0.00019339	40.8913
0.000184386	31.5469
0.000183446	-0.0610011
0.000179754	44.8634
0.00017853	6.6755
0.000156241	40.6397
0.000135417	45.1015
0.000122144	16.7931
0.000104847	-4.93914
6.2643e-05	39.1571
4.91987e-05	9.40809
5.35075e-05	33.4421
9.44249e-05	32.3938
0.00010638	38.7797
0.000109871	30.9088
7.8906e-06	50.285
2.46346e-05	17.7732
2.17718e-05	16.9894
6.07858e-05	26.9249
7.86142e-05	45.2847
9.40589e-05	30.098
0.000111429	14.8586
0.000126853	44.8333
2.76042e-05	23.6749
2.97928e-05	27.646
6.07437e-05	18.3786
3.62931e-05	28.3148
3.63362e-05	26.13
0.000130239	49.7414
0.000171008	62.0318
0.000202176	26.0394
0.000207806	40.4263
0.000218053	20.2424
9.5789e-05	54.3372
0.000275062	62.9952
7.17088e-05	32.8434
8.70039e-05	39.9119
0.000102257	85.276
4.37623e-05	4.66713
4.07711e-05	27.8062
5.37454e-05	14.1968
7.80767e-05	31.1145
7.66515e-05	51.8227
8.28131e-05	27.7932
8.69377e-05	19.6828
9.57338e-05	2.18525
9.71674e-05	14.0262
0.000110363	15.2792
0.000150192	51.4874
2.84356e-05	41.4705
7.80667e-05	43.4682
0.000115693	27.2037
0.000173729	-23.4658
0.000150647	23.1001
0.00021441	-29.3283
0.000204785	-39.4932
0.000163205	-49.7123
4.30324e-05	42.0311
4.91153e-05	28.7072
3.59892e-05	45.4748
2.62096e-05	49.7043
2.90269e-05	43.3886
0.000168556	17.7364
0.000137728	12.895
0.000134824	7.19154
0.000135731	8.72979
0.000104413	14.2401
0.000100348	19.5203
8.85299e-05	-5.33555
9.33435e-05	-16.6924
7.12715e-05	6.61948
7.94815e-05	15.4099
7.37945e-05	11.0816
5.03117e-05	22.4068
0.000100308	58.372
2.23495e-05	29.2138
2.31696e-05	23.7083
0.000172005	9.83167
0.00016119	14.659
0.000155422	-15.9714
0.000122524	29.2557
5.54414e-05	15.8973
4.77626e-05	39.2737
3.21883e-05	35.6697
4.60589e-05	16.7108
2.4225e-05	25.509
5.09752e-05	36.9554
6.50408e-05	39.3892
0.000121229	29.0879
5.88793e-05	24.5566
9.45917e-06	9.95429
3.1807e-05	36.5889
2.7978e-05	36.876
3.37983e-05	12.3717
5.012e-05	1.84625
5.10383e-05	24.4379
6.72518e-05	11.6773
7.10087e-05	12.6361
9.83781e-05	3.53218
0.000135034	25.9913
4.20167e-05	-21.5217
0.000130741	44.377
0.00022937	23.9557
9.6902e-05	57.9059
0.000288766	63.3608
3.81375e-05	6.36144
6.89587e-05	13.3183
6.71161e-05	25.7748
7.21591e-05	18.949
7.8729e-05	29.0628
7.83451e-05	8.86884
9.30969e-05	2.26585
9.7389e-05	-17.6374
0.000100829	-1.63431
0.000118957	-49.265
0.000124005	-32.8764
0.000134032	-26.5214
0.000137021	25.1391
4.78146e-05	4.15983
6.3906e-05	-6.04073
6.83203e-05	8.49279
6.40479e-05	9.71375
0.000128203	28.6019
6.83733e-05	0.0917366
0.000113258	-15.7094
0.000146329	-2.68347
0.000102516	4.00692
0.000112915	-4.36451
1.96268e-05	-4.8525
1.64661e-05	1.04716
1.33274e-05	-2.36955
4.97191e-05	77.335
5.2164e-05	43.5063
4.27669e-05	26.36
0.000256683	-42.8197
0.00016084	10.7562
0.000139614	32.8864
0.000140009	77.365
0.000130045	66.4974
9.08679e-05	-1.86521
9.28292e-05	13.0756
8.10325e-05	-18.3434
6.6938e-05	47.1961
6.30316e-05	0.394211
3.08574e-05	20.3752
6.20304e-05	57.8114
0.000118967	20.3119
0.000113233	39.8899
0.000102578	48.5788
7.44668e-05	75.0299
2.07157e-05	-0.912338
1.12028e-05	1.24499
4.93414e-06	3.61278
4.39551e-05	6.50882
2.86284e-05	0.992405
0.000241553	3.182
0.000195347	15.0587
0.000176327	0.845703
0.00016598	0.498618
0.000147508	28.9622
0.000146367	30.5091
0.000126385	18.8058
8.66501e-05	18.8569
6.56411e-05	-1.01516
5.40591e-05	2.19979
5.83988e-05	12.0139
0.000155057	-30.6845
7.22998e-05	12.2874
6.38859e-05	-13.2988
8.51709e-05	-13.523
2.02641e-05	-21.3591
1.96592e-05	-30.4881
1.97428e-05	-36.342
5.54884e-05	10.7759
4.79867e-05	6.00269
5.79309e-05	33.4703
9.58994e-05	26.7674
8.60811e-05	30.9034
0.000117976	7.96883
0.000146303	8.39471
4.74678e-05	-52.8326
6.27369e-05	-28.3785
0.000163632	34.0202
1.14115e-05	0.911147
3.97627e-05	-21.5168
7.68661e-05	17.8539
7.58167e-05	6.56357
8.28919e-05	16.9645
8.9878e-05	25.7061
9.20546e-05	0.342521
0.000121899	-11.7175
0.000133722	13.0189
0.000141544	-18.4616
0.000146367	-22.1474
4.57682e-05	-19.0106
3.81061e-05	-18.2206
0.000206204	-86.6926
0.000146836	-33.3689
0.000100015	-22.5867
8.68548e-05	-21.6981
0.000134142	-25.5909
0.00018742	-58.5139
9.11148e-05	-7.96401
9.89327e-05	2.2116
6.94194e-05	-1.87001
0.000183758	-23.6479
8.96207e-05	-10.3211
9.06192e-05	-16.155
0.000239392	33.4499
0.000232537	47.7699
0.000171163	-11.941
0.000122673	-1.71867
1.05409e-05	0.609267
5.05602e-05	-8.25168
4.32598e-05	-8.00682
3.04822e-05	-4.64563
2.67033e-05	3.74892
0.000238388	19.0513
0.000194401	1.97667
0.00019941	-12.755
0.00018666	1.82466
0.000167073	8.44548
0.000156384	4.56597
0.00013895	2.40191
0.000121622	32.7304
0.000104961	-22.6823
9.58454e-05	-3.68282
7.99113e-05	4.36207
7.68955e-05	4.34288
5.37523e-05	-1.29973
5.2462e-05	-15.0032
3.52439e-05	-27.8178
5.05173e-05	-25.0673
0.000124852	-14.719
7.61579e-05	-10.639
0.000147827	-38.5946
0.000137955	-26.7709
0.000127592	-34.1325
0.000107783	-24.3528
7.64997e-05	-9.07379
8.05494e-05	-22.5336
5.40591e-05	-10.1215
1.91118e-05	5.41546
1.59008e-05	11.4473
4.08087e-05	-9.97431
4.72941e-05	-22.4472
3.43479e-05	1.84286
2.47163e-05	6.02462
0.000236848	50.6841
0.000237766	10.3811
0.000229219	42.4662
0.000211542	36.1624
0.000219643	29.008
0.000203639	38.3154
0.000199762	35.9144
0.000191059	37.0844
0.000172622	52.0382
0.000178476	36.9145
0.00016188	35.6922
0.000166898	14.2082
0.00015388	8.15036
0.000143852	3.76157
0.000127083	11.7531
0.000122683	11.6472
0.0001081	-5.49501
7.74356e-05	2.24926
6.92535e-05	-3.32719
6.74524e-05	-3.68716
9.46389e-05	-5.35532
1.96358e-05	26.0987
3.70018e-05	-1.7275
6.49263e-05	33.2016
7.49726e-05	-3.01898
7.16539e-05	41.6557
7.54315e-05	2.88389
8.29863e-05	17.2057
8.65725e-05	7.53063
0.000129352	1.25851
0.000120373	68.6977
0.000130399	8.84409
2.75149e-05	0.736003
5.06212e-05	-18.1762
0.000132077	30.6387
6.47881e-05	-29.4919
8.0102e-05	-3.65457
1.35091e-05	12.4145
4.42394e-05	11.0921
9.32238e-05	10.8599
0.000117619	22.124
0.000126114	36.9999
0.00013126	-19.9431
0.000138128	11.638
0.000148934	13.1441
2.8376e-05	-4.90466
0.000219365	-74.0989
0.000171092	-50.8705
0.000202701	-11.1821
8.61614e-05	-11.9855
9.79618e-05	0.868893
0.00017773	-16.4018
0.00014664	-16.2239
9.08476e-05	15.8295
0.000156829	-15.5223
0.000108928	25.6414
2.75667e-05	9.72004
3.87189e-05	4.14865
4.96779e-05	-14.793
4.62239e-05	-9.20061
4.45638e-05	-8.9603
3.15846e-05	21.0823
4.00737e-05	20.8453
0.000262707	15.1727
0.000247495	33.5325
0.000211521	26.8382
0.000146367	46.0984
0.00013054	-5.11186
0.000110909	-16.6672
0.00010846	-7.02735
8.25894e-05	-24.9792
7.61061e-05	-16.3887
4.37138e-05	17.6748
0.000112835	1.24211
0.00014221	-4.8852
0.000208412	-41.1021
0.000157304	-27.0129
0.000152767	-33.5754
0.00018755	-31.8679
0.000147533	-24.9746
0.000154268	-36.7718
0.000222542	-88.366
0.000149264	-24.8067
0.000152107	-31.6994
4.79834e-05	-23.5928
4.19104e-05	-23.4811
0.000237049	47.7429
0.000204888	8.34913
0.000195848	26.4449
0.000163242	17.3093
0.000162082	18.599
0.000133795	14.1134
0.000125678	0.535838
0.000125008	-1.68691
0.00011615	5.84824
0.000111366	-8.61519
9.02129e-05	-21.9451
8.33094e-05	-22.1159
3.32758e-05	-17.5895
1.03374e-05	-8.67442
5.81426e-06	-3.33529
1.26686e-05	3.79473
2.82755e-05	-2.43276
3.13744e-05	-7.52976
4.45876e-05	-12.2189
7.81251e-05	16.9951
0.000106536	35.8841
0.000157641	8.83888
8.24041e-05	-7.27207
0.000123793	-24.6028
9.18433e-05	-3.87376
0.000179772	32.7563
5.1231e-05	-1.96044
6.85759e-05	-4.52061
7.32265e-05	36.5904
7.89193e-05	10.9174
9.86611e-05	19.0254
0.000113763	-1.07215
0.000131365	13.3693
0.000143041	2.20044
0.000152107	-4.49537
0.000176015	-13.2623
4.86285e-05	-17.6017
0.000160472	-49.9753
0.000108242	-27.8268
6.3914e-05	0.587998
7.10516e-05	-7.4467
5.46346e-05	-12.5798
0.000193947	-61.2528
0.000166167	-59.8607
0.000143392	-31.2024
0.000111309	-47.4433
0.000186068	-33.0628
6.33902e-05	4.83771
7.876e-05	-13.1062
0.000123175	-22.7888
0.000102114	-12.1378
8.49951e-05	2.80946
5.97323e-05	2.35429
0.000247445	13.9967
0.000208716	50.4806
0.000185094	26.6956
0.000169783	-6.08339
0.000169366	-6.1798
0.000152958	-29.6754
0.000159537	-13.1845
0.000145759	-21.7434
0.000142181	-14.3863
0.000123858	-50.321
0.000144276	-22.6954
0.000144576	15.3431
0.000128919	12.2941
8.64547e-05	-37.5524
7.92963e-05	-27.3332
7.99624e-05	15.5864
3.269e-05	-17.4944
2.19848e-05	-23.4861
0.000103171	-2.58806
0.000185419	-28.2003
9.22268e-05	-17.4977
5.84957e-05	7.29411
9.93307e-05	-26.5926
7.64457e-05	-3.07234
0.000107601	-24.7154
5.5546e-05	15.0016
9.62643e-05	-23.8935
0.0001883	-9.37311
9.81608e-05	-24.3245
0.000158156	-42.4195
6.97364e-05	-19.579
5.83111e-05	-18.2693
5.43046e-05	-30.7086
0.000117902	-38.541
0.000204786	45.1097
0.000193161	28.7559
9.3864e-05	-44.6874
6.39561e-05	-38.8452
4.60589e-05	-18.9887
7.50964e-05	-12.3993
6.92811e-05	-29.511
0.000108276	-3.46067
8.39655e-05	12.1837
0.000121202	37.6812
2.53756e-05	-48.0073
0.0001301	-10.5205
7.98221e-05	-20.0538
6.48574e-05	-37.0494
1.05795e-05	-46.8969
7.93962e-06	-34.5192
2.08979e-05	-37.1795
3.09787e-05	-30.143
5.66918e-05	-2.17913
6.53702e-05	18.456
7.07453e-05	-39.3765
8.54188e-05	6.72258
0.00010765	3.15873
0.000102093	16.6502
0.000108346	30.9052
0.000110345	17.0725
0.00011315	13.514
0.000121734	0.257011
0.000156688	6.06595
0.000164603	-7.55706
0.000157589	-6.2237
0.000169176	-36.5618
0.000170002	13.3615
4.62759e-05	-54.6791
2.89109e-05	-46.3895
4.57952e-05	-49.8073
4.44183e-05	-58.0754
3.07292e-05	-47.4312
9.74483e-05	-4.58483
0.000133738	-7.84028
0.000152098	-16.0494
0.000105561	-4.8482
0.000228247	-53.8646
0.000111673	-52.3849
9.43373e-05	-59.664
0.000183211	-43.9625
0.000121286	-33.3711
0.000158255	-9.47025
0.000154726	2.88953
0.000115497	-11.4632
2.28025e-05	-38.443
1.03615e-05	-35.0684
1.31403e-05	-30.9513
6.2808e-06	-42.885
4.9992e-05	-33.1995
0.000156094	-41.1957
0.000164087	-16.4358
0.000145303	-32.9832
0.000142428	-35.3771
0.000114589	-23.9418
0.000107364	-28.6715
0.00010155	-19.38
5.05702e-05	-28.0412
3.08441e-05	-51.3664
0.000113669	-49.7079
0.000134111	-0.919954
0.000142186	-0.579623
0.000145686	-4.67098
2.03283e-05	-13.4628
2.39503e-05	2.31263
2.13346e-05	-15.2543
4.94829e-05	-30.4043
5.12629e-05	-30.7291
0.000230937	9.6886
0.00020639	7.45588
0.000123294	-28.7986
6.10616e-05	-38.0348
0.000103232	-15.2388
0.000154824	4.03815
8.5514e-06	-35.0232
2.85761e-05	-57.378
3.56788e-05	-54.3965
5.4027e-05	-39.2404
9.53482e-05	27.0455
0.000107621	48.6257
0.000131864	31.7531
0.00014672	19.1369
5.00485e-05	-11.3484
5.72255e-05	-16.6641
5.70662e-05	-63.0119
7.45473e-05	-39.335
7.94824e-05	-5.7585
8.71891e-05	-21.524
8.83242e-05	-0.723412
0.000101155	4.22745
0.000102625	-26.9918
0.000108344	-14.6141
0.000136176	21.6118
0.000172674	-27.3025
0.000174252	11.5708
4.90479e-05	-59.1626
0.000270667	-70.18
0.000135575	-35.0454
0.000105048	-19.4481
6.20321e-05	-16.0189
4.7055e-05	-27.0542
0.000168009	-43.4382
0.0001858	-33.4153
0.000108021	-45.4868
0.000163242	-25.4197
0.000186325	-33.733
0.000185129	-4.39966
6.59675e-05	-67.0347
0.000172669	9.32021
8.6378e-05	-42.4841
1.33323e-05	-48.5123
4.91962e-05	-14.9514
5.07914e-05	-13.0129
3.61017e-05	-27.3802
3.45229e-05	-18.167
0.000171993	-5.5137
0.000164288	-14.4087
0.000139126	-28.1378
0.000155405	-33.9943
0.000115861	-26.8646
0.000101341	-28.483
0.000113545	-40.9804
7.06407e-05	-27.584
8.12059e-05	-46.5955
6.01446e-05	-36.3214
0.000177112	-27.0214
0.000124673	-2.97766
0.000142721	-48.7683
0.000167079	13.8841
0.000120866	-44.0263
9.35027e-05	-8.16407
0.000205044	8.60967
0.000173203	12.2465
0.00016045	9.89003
9.84131e-05	-52.2112
3.98369e-05	-15.3681
1.23905e-05	-7.59633
2.1263e-05	-42.9641
2.7987e-05	-45.3616
3.3722e-05	-42.695
3.93887e-05	-37.1163
3.82925e-05	-45.162
3.78911e-05	-39.4927
5.45782e-05	-46.1843
5.26889e-05	-55.1988
6.58264e-05	-80.6922
6.04738e-05	-73.9469
8.9876e-05	6.43814
2.94644e-05	-43.6014
8.44496e-05	11.9722
1.95664e-05	-21.8548
2.2218e-05	-53.7744
4.1531e-05	-55.3529
4.41451e-05	-48.2113
5.87114e-05	-31.7449
7.61735e-05	-27.4743
8.29121e-05	-29.5178
0.0001063	-8.46938
0.00014735	8.62463
0.000151828	32.8568
2.68802e-05	-27.6454
0.000107443	-17.2401
0.000144277	-49.3677
0.000123498	-37.4884
0.000163837	-35.8817
0.000115006	-51.0509
8.84232e-05	-48.1868
0.000149342	-37.2546
5.26842e-05	-69.9357
1.25285e-05	3.02234
4.82159e-05	-19.7259
0.00023621	10.687
0.000231177	-10.0355
0.000182719	-8.23018
0.000156949	-21.8898
0.000162544	-15.8292
0.000123467	-59.535
0.000111668	-54.5677
8.8557e-05	-50.3913
7.3493e-05	-10.883
6.01693e-05	-17.668
0.000234668	-21.0631
0.000161644	-11.7905
0.000104	-22.0691
0.00023312	-15.48
0.00026564	-34.4149
7.67933e-05	0.566641
7.11611e-05	-33.1473
0.00013017	-16.8608
7.45111e-05	8.0614
3.64299e-05	-3.37569
8.22245e-05	3.24202
0.000106506	-1.19339
0.000220287	35.8452
0.000246434	47.4309
2.37182e-05	1.78423
3.04374e-05	5.1103
6.42848e-05	-44.6409
5.61851e-05	-1.64469
9.41807e-05	-5.10799
7.9201e-05	-66.0047
0.000105585	-17.1648
6.41298e-05	1.56625
6.45981e-05	13.5237
6.7832e-05	5.83984
6.98507e-05	18.9308
7.25748e-05	24.2936
0.000124544	3.0891
7.15192e-05	-93.5393
8.28196e-05	-43.378
7.64363e-05	-38.6902
7.95778e-05	-53.8795
7.876e-05	-50.2153
9.42597e-05	-12.879
0.000103332	-4.77015
0.000123397	-28.0965
0.000143608	-45.9003
0.000160848	7.68484
0.000158121	-5.27532
0.000185028	7.68065
0.000229093	-42.1236
0.000228404	1.52807
3.56548e-05	-17.7797
3.62854e-05	-33.5994
0.000123556	-24.7234
0.000130956	-39.2745
0.000165062	-83.0734
0.00010914	-28.3817
0.000141539	-25.7634
7.01479e-05	-54.1371
9.80629e-05	-63.4583
0.000121135	-41.2888
6.69806e-05	-63.8278
4.4552e-05	-1.31665
3.76052e-05	32.6646
0.000252494	-27.2351
0.000138129	5.59467
0.000140552	11.3991
0.000105322	-54.8949
0.000102056	-59.338
4.68552e-05	33.0134
4.93025e-05	15.3368
7.30055e-05	-7.49957
0.000170002	0.503578
0.000232406	7.2454
0.00018105	-26.7945
4.17358e-05	-43.157
0.000191894	-1.14242
0.000157405	-1.70055
0.000138035	-27.0632
6.89523e-05	-42.8258
0.000152026	6.4474
9.25847e-05	-30.55
0.000111478	2.4633
0.000220005	11.6963
0.000102826	0.909068
0.00023785	66.4597
9.06742e-05	16.2385
1.58354e-05	-22.567
2.77719e-05	11.466
3.3981e-05	11.0162
4.3224e-05	-2.89078
5.25377e-05	4.13902
5.98381e-05	-18.6918
5.98953e-05	-10.5165
6.24036e-05	-11.4466
6.73623e-05	-24.7921
7.1258e-05	-12.817
7.78358e-05	-32.4029
7.92952e-05	-17.2658
7.876e-05	0.431645
7.876e-05	9.60841
8.01296e-05	-35.873
9.15141e-05	-55.5542
9.66282e-05	-1.26719
9.74799e-05	-46.9641
9.39493e-05	-14.681
0.000108929	-12.0462
0.00012292	-16.8541
3.62135e-05	5.23942
4.85942e-05	20.7767
5.38769e-05	17.4596
5.73834e-05	3.00934
6.98252e-05	-12.6176
0.00010653	-1.49369
0.000104184	-1.26474
6.96694e-05	16.0464
6.27661e-05	2.87107
7.14532e-05	13.3247
0.000114681	-17.1024
0.000125916	26.5843
2.45784e-05	-13.198
2.89925e-05	-16.724
4.20837e-05	-10.1899
4.24797e-05	-13.7516
6.42841e-05	-34.8872
0.000101008	-62.5991
0.000123783	-34.1364
0.00012534	-37.8843
0.000128689	-16.3849
0.000145646	-22.5836
0.000212581	-5.67453
0.000225414	-69.1074
0.00021764	17.1967
2.78838e-05	8.60235
2.3442e-05	-29.6886
3.56271e-05	-13.611
0.000115839	-36.1334
0.000198622	-35.2818
0.000113763	-52.0618
5.84437e-05	-31.4454
0.000113155	-40.9586
0.000112007	-54.5682
0.000121974	-39.9572
0.000184301	-56.6888
5.18289e-05	11.6011
3.69111e-05	37.5554
0.000121614	-34.1143
9.92555e-05	-39.3972
8.43736e-05	-19.963
7.1328e-05	-35.4125
5.7814e-05	-49.3735
5.0702e-05	20.259
0.000138129	13.7587
0.000130489	10.9375
0.000127751	-21.0859
9.16477e-05	18.019
6.91485e-05	-15.0049
5.39526e-05	-57.113
4.08433e-05	-17.7511
0.000154976	-14.0218
2.8536e-05	38.9005
7.79845e-05	-16.9837
4.42586e-05	-66.8207
9.77012e-05	-24.3083
0.000125943	-32.6671
4.56986e-05	-33.9518
4.86922e-05	-50.428
0.000163989	36.508
0.000140857	27.55
0.000125009	0.187377
0.000140217	5.01146
1.61659e-05	0.489455
5.85618e-05	-55.9596
6.31055e-05	-43.8111
0.000104129	-46.3003
0.000122843	-59.9816
0.000144636	-72.3258
0.000156668	-58.3865
0.000183219	-66.3472
0.000149286	-35.7563
9.1775e-05	-19.1872
0.000180715	-3.87415
6.0794e-05	-98.8763
0.000213862	-39.6454
0.000126302	-69.148
0.000143422	-73.5034
2.35242e-05	4.38071
4.21919e-05	22.4183
5.27833e-05	13.5993
9.78655e-05	23.3368
9.27994e-05	2.39402
8.56122e-05	12.0659
7.76916e-05	4.70078
7.16033e-05	8.97893
6.68172e-05	17.5531
5.97474e-05	0.0200322
9.58454e-05	4.39184
6.67402e-05	22.8959
0.000115047	-2.13793
0.000109882	3.98614
6.02462e-05	25.0672
7.05089e-05	-26.4535
7.42869e-05	-3.9854
9.55708e-05	-49.6907
8.64264e-05	-24.9049
0.000163197	-37.8985
1.29413e-05	12.9797
6.69992e-06	1.8031
4.73735e-05	-73.6445
5.85874e-05	-42.3677
2.97075e-05	-19.3261
0.000243893	20.0608
0.000183973	-8.96179
4.94302e-05	-26.7116
0.000317588	27.4325
1.96964e-05	-56.6726
3.2143e-05	-34.6238
3.8693e-05	-40.843
4.80706e-05	-7.5858
9.09232e-05	-22.3967
0.00014158	-0.888252
4.07411e-05	-27.9186
6.19351e-05	-12.4093
0.000116074	1.39769
6.34107e-05	-10.6413
0.000162577	0.0552471
3.85643e-05	-47.3401
3.87467e-05	-39.9219
4.86385e-05	-45.036
4.13152e-05	-56.5656
5.96576e-05	-31.5466
4.50887e-05	-49.4626
9.42689e-05	-51.4505
8.81724e-05	-63.645
0.000126549	-81.3778
0.000217277	-73.8687
0.000209188	-40.8504
0.000250101	-84.9681
6.47206e-05	-72.536
0.000138214	-51.1611
0.000189436	-47.3981
0.000101041	-37.5449
4.56934e-05	14.1313
2.7519e-05	8.48465
9.37213e-05	4.68704
8.24794e-05	-1.44343
7.39249e-05	10.5145
6.66374e-05	14.6439
6.51428e-05	23.1636
3.34307e-05	-7.57897
7.4335e-05	10.6318
0.000136929	-15.5299
6.58409e-05	-4.88896
8.60775e-05	-52.666
5.68e-05	-64.9523
5.52856e-05	-15.4571
3.75122e-05	-21.4931
4.77871e-05	-27.1446
0.000120379	-16.6033
9.60974e-05	-10.239
0.000136779	-12.6884
8.95037e-05	-22.7876
0.000103444	-27.4719
2.28092e-05	-31.9257
2.26285e-05	-7.66625
3.25242e-05	-5.53607
3.7721e-05	14.1912
4.48222e-05	4.88522
5.03129e-05	-14.098
5.61768e-05	-2.59907
6.28459e-05	4.61498
6.69664e-05	-21.6794
8.06234e-05	-0.956097
8.77576e-05	-12.0163
9.83153e-05	-5.17536
0.000120066	-54.1716
0.00011466	10.7376
0.000120502	-8.3976
0.000122643	-8.29169
0.000136332	-0.702959
0.000132232	17.2629
0.000134111	2.56412
0.000146318	8.30552
3.89792e-05	-12.1145
4.15753e-05	-27.626
4.69918e-05	-21.7394
3.86481e-05	-1.42077
2.76218e-05	15.2062
3.46103e-05	9.85668
8.53009e-05	-25.593
7.61378e-05	-41.1359
7.876e-05	-38.6733
2.28411e-05	-30.5543
3.01333e-05	1.82493
4.57758e-05	-1.3125
6.12425e-05	-16.6532
6.64944e-05	-11.6901
6.56622e-05	-21.7423
8.06285e-05	-5.83794
8.41916e-05	-2.75287
0.000103302	-39.0439
0.000116584	-33.7572
0.000131154	-110.34
0.000146881	-47.72
0.000149887	-81.8369
0.000165694	-49.273
0.000178354	-58.9771
0.000200629	-37.4956
0.000194006	-31.7906
0.000210904	-83.8019
0.000208107	-37.0083
4.99665e-05	-71.8241
4.20266e-05	-41.4494
4.85062e-05	-29.8479
0.000106233	-55.8162
6.84385e-05	-57.6542
5.80791e-05	-61.3561
8.80926e-05	-76.9148
7.89512e-05	-52.1957
0.000105507	-19.0612
8.37797e-05	-41.2794
2.00095e-05	-48.6978
1.26869e-05	-35.7233
0.000142555	25.0399
0.000120439	25.2177
0.000109727	38.8143
9.21677e-05	5.35045
4.34969e-05	-60.5547
0.000118151	-25.3106
0.000155525	-31.7969
0.000125241	-19.4139
0.000122316	-34.0484
0.000149438	-17.5658
2.1363e-05	-39.0568
1.98599e-05	-35.8463
2.13094e-05	-46.8755
4.35618e-05	-26.9827
4.30343e-05	-30.8318
0.000239391	5.17757
0.000179616	24.1594
0.000174503	-7.99415
0.000171203	37.7269
0.000141426	-1.43842
9.65872e-05	-11.4428
8.00358e-05	-32.7249
7.78859e-05	-13.7654
2.94727e-05	-43.9863
0.000197634	10.9111
6.59377e-05	-13.4328
7.64227e-05	-33.6501
9.09124e-05	-28.6466
0.000142794	-2.59886
0.000122043	-32.696
7.57548e-05	16.2435
8.55684e-05	18.3103
1.34098e-05	26.8256
3.24331e-05	15.0748
4.50624e-05	22.8051
5.18695e-05	31.6436
4.5583e-05	20.2292
5.03105e-05	30.5947
6.94436e-05	33.1578
6.4123e-05	23.3179
7.41999e-05	49.4288
9.45821e-05	40.2115
0.000105543	20.7694
0.000111961	-54.2274
0.000116385	-43.8964
0.000117762	-30.744
0.00011743	1.7214
0.000124506	-23.3177
0.000130184	0.899321
0.000164137	-47.2165
4.78395e-05	-9.64928
6.05044e-05	5.87505
8.86933e-05	-6.32997
0.000119055	6.12831
0.000177413	13.5695
0.0002061	47.274
5.59588e-05	-2.84651
6.91285e-05	18.5909
0.000103833	9.19479
0.000128001	12.3396
0.000135442	12.2552
8.07907e-05	26.094
0.000216364	18.168
9.03049e-05	14.8503
9.34042e-05	-8.39766
7.19847e-05	32.1073
0.000103507	18.8513
3.10827e-05	19.4702
2.9803e-05	7.25161
5.84462e-05	21.9955
9.73891e-05	5.25256
0.0001359	-44.7557
0.000164286	-102.946
0.000168016	-50.2753
0.000241533	-20.9447
0.000240458	-18.6083
3.27625e-05	-35.1217
4.43021e-05	3.16549
0.000102314	-22.7032
8.3147e-05	-22.4303
6.621e-05	-16.1781
2.90991e-06	19.0523
0.000196831	57.6975
0.000155813	36.1651
0.000106152	38.0468
0.000108665	-19.9255
4.54393e-05	-31.5623
3.45082e-05	-39.9783
6.93111e-05	-5.06439
7.7591e-05	5.27741
0.000222345	-26.2434
0.00015569	-59.3786
0.000188685	-51.624
6.40809e-05	-4.74577
0.00018063	-20.832
1.67517e-05	20.9475
0.000239947	13.9715
0.000229957	-1.63632
0.00012581	-14.0612
7.75761e-05	-3.3525
0.00015117	-34.8765
0.000176348	-6.26557
0.000114902	-33.2404
0.000110334	-21.6452
0.00015068	-9.23466
0.000116991	-18.0317
0.000113763	-35.4643
1.61174e-05	-19.3905
2.71775e-05	-31.2411
2.56397e-05	-10.6557
3.42189e-05	-8.82787
4.71392e-05	5.49299
5.28803e-05	3.96628
8.82598e-05	9.39825
9.38978e-05	20.1765
0.000125549	27.7114
0.000137505	-35.1952
0.000143232	-28.0527
0.000149164	-0.311141
0.000161799	-13.2357
3.00356e-05	-5.63801
0.000108387	46.5925
0.000204574	61.9633
8.87638e-05	53.633
0.000158748	3.12507
0.000196648	32.0839
0.000105672	48.3776
0.000126434	-10.8581
5.56458e-05	27.6272
7.01188e-05	33.0509
0.000105765	5.64085
2.15368e-05	-22.0866
4.2655e-05	50.3271
9.80136e-05	42.7611
0.000123784	0.485888
0.000132075	43.4692
0.000134111	-4.29443
0.000154974	19.329
0.000222378	-63.4805
0.000247532	-83.7761
0.000251623	-31.5571
0.000319023	0.376865
4.58375e-05	-8.62497
8.81432e-05	-26.7598
7.60963e-05	14.6086
0.000114976	-13.7974
0.000107795	-17.1948
0.000105768	10.1214
9.48108e-05	-11.7117
8.69333e-05	-28.8297
7.57067e-05	-37.2654
0.000136314	-19.7816
6.19007e-05	-38.519
0.000131735	-22.7998
8.02486e-05	-36.5544
0.000131677	-50.4394
7.30873e-05	-15.5402
0.000151542	-13.6407
0.000120866	1.3091
4.2245e-05	32.1256
3.46434e-05	21.5234
0.000185711	-0.931182
0.000152837	8.59002
0.000141332	6.20093
0.00015939	13.0609
0.000179821	10.844
0.000162548	15.95
8.38652e-05	-15.0202
0.000171204	12.5659
1.5057e-05	-8.00491
4.82075e-05	-3.05912
5.70397e-05	24.3638
8.50989e-05	36.412
9.96632e-05	57.9159
0.000104403	43.7894
0.000117344	36.6165
0.000136812	7.52235
0.00015246	14.0685
0.000150531	-8.4434
0.000195587	-41.2628
0.000190046	-68.633
8.38358e-05	46.7923
0.000124251	50.1444
0.000167526	46.0476
0.000183506	65.279
0.000166309	30.4609
9.84626e-05	25.2001
7.66743e-05	30.2771
7.54973e-05	33.8575
0.00013358	24.6023
0.000147174	26.0059
8.86191e-05	22.2014
6.94432e-05	26.0626
5.23931e-05	-4.33162
5.16195e-05	-6.5877
6.93473e-05	20.6887
0.000126404	7.7484
0.000276876	-22.8054
0.000280457	-35.9663
0.000292964	-1.29611
3.35711e-05	-63.1632
4.84552e-05	-28.565
4.04805e-05	-34.4433
0.000102923	-26.5355
8.14441e-05	-25.0375
7.61377e-05	3.54124
6.02899e-05	-5.04666
5.77594e-05	5.86306
0.000261725	41.3115
0.000189348	-24.9526
0.000188727	15.3175
0.000173722	5.18172
0.000173806	19.6685
0.000171203	21.3467
0.000154256	-9.60382
0.000149272	0.412558
0.000138101	14.4877
0.000130655	14.428
0.000121582	-23.4322
0.000128943	-11.3544
0.000120866	-8.60521
7.08269e-05	-44.024
4.5939e-05	-28.7054
3.3722e-05	-26.9648
0.000109994	-57.541
0.000138733	-22.2217
5.44695e-05	-24.7655
0.000107022	-54.0346
5.16683e-05	-34.3376
2.49104e-05	-42.2336
1.83158e-05	-28.2348
4.29631e-05	-60.121
3.97597e-05	-28.964
0.000143579	-0.256337
0.000113514	-24.1898
7.92969e-05	-10.6504
6.41745e-05	-7.8331
3.91469e-05	14.1542
4.5987e-06	-47.6534
5.85468e-05	-57.4535
5.81362e-05	-57.4559
7.03365e-05	-29.7935
0.000134708	-42.5507
0.000175176	18.1546
0.000180498	45.6951
4.92183e-05	-63.5316
5.80935e-05	-47.8159
6.89279e-05	-56.4859
8.20536e-05	-38.7887
9.18748e-05	-50.3938
0.000111486	-66.9743
0.000127466	-77.001
0.000140208	-55.3918
0.000173508	-62.1434
0.000164069	-53.9374
0.000173636	-57.1749
0.000238596	-46.1978
0.00025472	-70.2824
0.000241734	6.88485
0.0002777	-55.618
2.2346e-05	-63.1996
9.53262e-05	-23.8847
0.000163654	15.1205
0.000158696	-50.4718
0.000272929	-43.657
0.00017306	-43.0649
0.000186148	-27.7569
3.50679e-05	-40.1895
7.52514e-06	-38.4639
0.000149935	-33.219
0.000140274	2.30648
0.000123106	18.6208
0.000119072	73.553
0.000112685	15.9975
9.89325e-05	28.9853
8.41736e-05	18.2739
3.16891e-05	-25.2215
2.58943e-05	-52.6808
0.00013806	-8.35258
6.59291e-05	-59.3742
2.15694e-05	-67.1698
0.000135586	71.6327
0.000120434	66.0965
0.000101486	22.7832
0.000110333	35.1649
5.8833e-05	-27.2622
8.43618e-05	-14.7657
0.000285863	99.7854
8.80709e-05	-4.81161
8.19433e-06	43.415
2.01605e-05	12.8044
2.41714e-05	40.6286
3.13962e-05	11.8457
4.80982e-05	-9.33058
6.56084e-05	48.363
0.000108085	60.0721
9.7136e-05	54.3825
0.000119048	68.4497
0.000139135	36.2051
0.000133607	36.122
2.56879e-05	6.25336
6.31707e-05	4.39198
8.64375e-05	0.771325
0.000111928	29.0227
0.000122218	47.3075
0.000117442	57.8151
0.000109375	49.3142
1.98273e-05	41.5711
5.77773e-05	-0.447437
5.27873e-05	16.6746
5.92177e-05	-18.0835
7.70622e-05	9.96587
8.9223e-05	39.8785
8.69442e-05	-14.7938
9.58454e-05	32.3729
0.00012671	33.5797
0.000132139	-29.2038
0.000143615	13.4709
0.000153259	-27.4736
4.1582e-05	35.4732
4.08458e-05	21.1858
3.64444e-05	35.1342
2.3155e-05	34.9
2.17765e-05	24.8533
0.000224529	-24.6044
0.00020026	9.74919
0.000143695	-19.291
0.000128482	-14.9017
6.47468e-05	4.4868
6.19308e-05	14.3035
0.000125671	-6.06524
0.000105519	11.1488
3.69769e-05	8.31652
0.000169651	0.855934
0.00018345	13.7843
0.000166939	-2.0381
0.000159538	-7.22484
0.000134632	1.7665
0.000141009	11.8201
0.000136201	23.8883
0.000136475	-1.35626
0.000110561	-14.2966
8.91383e-05	35.9279
5.64616e-05	19.5527
7.87755e-05	33.0056
8.80002e-05	40.6377
0.00015786	19.4449
0.000155604	18.6548
0.000227355	50.9666
7.16533e-05	17.1206
0.000111169	32.9346
2.97363e-05	10.2307
3.58781e-05	24.7332
7.29649e-05	7.37759
0.000102952	18.2951
0.000111152	23.0753
0.000116681	24.4939
0.000147658	52.3506
0.000145562	48.6916
0.000153369	61.5389
2.64239e-05	9.23357
4.04323e-05	25.3786
3.64766e-05	4.58727
0.000150783	36.6293
0.000161849	63.3631
0.00019954	55.1393
0.000335929	73.5145
0.000198743	46.7837
0.000202176	53.8679
0.000272735	37.1593
7.33164e-05	25.2902
7.84662e-05	14.8999
8.41627e-05	11.6107
0.000103459	0.628113
0.000114494	7.01888
0.000121831	23.7869
0.000123779	14.4847
0.00013336	41.036
0.000135821	24.7268
0.000138101	37.5368
4.6081e-05	30.7324
0.000133105	9.46945
7.53005e-05	37.8597
6.52757e-05	-6.84385
6.10976e-05	-6.1042
0.000157467	6.51792
0.000137591	-1.28275
9.35313e-05	-1.6148
0.000145579	8.08872
0.00018231	-16.6779
5.4998e-05	11.2576
3.78782e-05	0.224078
3.59002e-05	12.9126
0.000295745	-20.7835
0.000189499	3.47136
0.000182998	25.0749
0.000176899	18.1016
0.000130053	21.2708
0.000122054	0.24786
9.14006e-05	15.9963
8.33165e-05	28.5576
7.25325e-05	39.0777
5.45642e-05	40.8402
3.81239e-05	0.5979
0.000147521	17.535
7.75193e-05	27.4426
2.00444e-05	2.83407
2.72827e-05	2.86279
4.69962e-05	9.40996
3.89228e-05	8.94981
0.000197445	24.7006
0.000159511	-30.3775
7.22e-05	31.2724
4.17805e-05	12.758
3.44677e-05	46.5975
3.19533e-05	5.16934
3.30171e-05	16.8679
0.000180833	23.0381
0.000142687	-12.3794
5.27309e-05	47.5311
0.000212962	55.4169
2.55353e-06	-2.96102
1.88402e-05	7.91822
4.48478e-05	-10.5244
4.29991e-05	2.60437
4.48629e-05	1.63779
6.51671e-05	-17.7321
7.41002e-05	9.21581
7.41001e-05	-2.83575
0.000101443	9.48726
0.000104458	13.7707
0.000154511	36.2774
0.00017724	21.0731
0.000179681	78.9999
0.00018105	50.8745
0.000199789	19.0899
0.000252056	10.8266
4.20923e-05	-5.9396
5.20993e-05	-6.27854
0.000114529	21.7783
0.000157121	37.0906
0.000173728	16.2564
7.93092e-05	30.2179
0.000146407	9.68449
0.000218321	39.0961
9.83513e-05	-37.8815
8.59127e-05	-44.8259
0.000332321	63.2424
2.7669e-05	6.57604
5.0992e-05	-5.96155
5.55771e-05	-8.73734
7.32526e-05	-10.7226
8.092e-05	-0.897508
8.14441e-05	20.82
0.000126426	19.1483
0.000128308	23.4829
0.000134928	-23.4607
0.000152675	4.35377
0.000145322	4.86037
0.000153909	48.6472
0.000154966	44.7797
4.39459e-05	40.1415
8.31209e-05	8.84747
7.39194e-05	36.8723
0.000103104	-24.8599
0.000153404	-3.58461
5.86751e-05	-14.6005
0.000105042	-2.59564
8.77731e-05	-1.79147
0.000157161	10.8137
4.66769e-05	41.8729
3.77411e-05	13.8933
2.64804e-05	14.0162
0.000189998	27.5926
0.000159547	11.1759
0.00014019	32.3264
7.63471e-05	58.3267
5.29893e-05	50.7748
0.000100529	21.4071
0.000179292	24.0599
0.000135114	7.28671
0.000148398	58.882
0.000133545	78.0757
0.000118369	53.2809
0.000116162	50.9738
8.81769e-05	56.2168
8.85327e-05	79.5116
7.61318e-05	68.6709
6.54679e-05	70.7988
3.89997e-05	-10.1208
0.000162433	36.6798
0.000215004	-12.2325
0.000141676	26.2032
0.000195699	13.4608
0.000101041	9.11443
9.99046e-05	7.65926
0.00012493	20.3185
0.000204466	20.0865
8.35558e-05	11.2386
0.000100445	11.1028
8.0102e-05	10.0205
1.18117e-05	16.8492
3.23384e-05	2.60429
3.43979e-05	10.921
3.96224e-05	10.8092
4.11568e-05	15.442
4.76715e-05	13.0509
7.10204e-05	-24.3555
9.48075e-05	-27.979
0.000110776	-20.7004
0.000108602	-26.6865
0.000236757	81.6436
0.000183529	44.5553
0.000206007	35.6163
0.000188663	49.8976
0.000130487	10.3331
0.000109964	-37.1676
8.5701e-05	-37.6207
0.000194204	44.5312
1.88315e-05	2.75875
3.79899e-05	-6.99657
5.82036e-05	-15.938
6.15575e-05	19.1154
6.64647e-05	3.45275
6.97059e-05	6.5549
8.84652e-05	-10.7814
9.92917e-05	3.80041
0.000105647	-1.72742
0.000113555	-3.12214
0.000127862	-0.285774
0.000149808	37.8211
0.000157621	11.7917
9.47841e-05	37.7448
8.04599e-05	-14.4985
0.00011199	25.1901
1.85789e-05	41.897
5.30273e-05	39.8313
5.21096e-05	0.895338
3.71128e-05	20.9519
0.000185918	-7.74877
0.000142759	42.8214
0.000126749	-9.9453
0.00013859	27.5105
8.95302e-05	10.6009
7.43334e-05	5.67255
6.70273e-05	5.71652
5.84526e-05	-6.01311
0.000158186	2.13164
8.87579e-05	40.9399
4.31957e-05	-8.13655
0.000105192	3.80159
0.000106014	5.36576
0.000102093	-3.36558
9.70803e-05	9.8207
7.71439e-05	-8.28845
5.17521e-05	24.3501
4.91399e-05	25.2205
0.000139654	25.962
5.3592e-05	27.9083
0.000213016	-0.650581
0.000103877	23.9798
0.000168836	20.1762
3.18388e-05	17.7741
5.29005e-05	41.7645
6.02202e-05	38.9548
5.63061e-05	31.9062
8.9559e-05	31.7562
8.4852e-05	1.04475
9.3942e-05	-7.27685
3.87644e-05	4.33156
8.83767e-05	28.1567
0.000111643	40.427
0.000138101	44.7309
0.000142186	52.7804
7.39678e-05	29.8503
0.000123716	52.5172
0.000131185	59.0082
6.28839e-05	48.3457
0.000130973	36.2698
9.0547e-05	71.5849
0.000117273	56.4681
0.00011575	46.914
0.000178434	33.8153
0.000152141	25.8116
0.000165291	4.45586
0.000138054	-26.5112
0.000136106	0.411335
2.93517e-05	17.0741
5.1667e-05	-1.79706
9.5093e-05	-0.194955
0.000117464	23.4974
0.000112028	2.3875
0.000126902	12.3227
0.000142218	23.2113
0.000148458	24.3393
0.000164537	50.3473
0.000102501	21.813
7.5273e-05	-2.14816
7.22999e-05	66.1042
5.84002e-05	2.20887
0.000101633	20.7822
5.00133e-05	14.1563
4.00996e-05	-10.9058
3.1546e-05	-4.08002
0.000168824	-8.7391
0.000162308	-22.8963
0.000140087	-20.9735
0.000123254	-22.6118
8.43759e-05	44.6516
7.86136e-05	38.1538
5.83111e-05	35.557
5.34078e-05	4.76659
4.41775e-05	-2.7466
0.000154844	13.8368
8.1351e-05	49.5637
9.68706e-05	39.2397
3.44846e-05	2.1453
0.000151519	20.5161
0.000145321	18.9012
0.000126329	11.406
0.000120518	11.7883
0.00012034	17.3249
0.000115498	9.73223
0.000113763	21.7178
9.07087e-05	5.8776
7.54683e-05	16.1615
7.87178e-05	3.79165
7.74858e-05	12.5882
3.4296e-05	3.51792
6.54717e-05	23.2001
3.40877e-05	3.70467
9.10531e-05	-4.92705
0.000158122	47.6888
0.000242261	16.2281
0.000233329	38.9385
9.5981e-05	29.4632
8.58651e-06	38.0574
3.16606e-05	51.6386
1.6788e-05	44.3503
4.9632e-05	62.4086
9.13183e-05	21.7708
0.000106389	9.34837
0.000112989	13.9615
0.000121743	0.110652
0.000130645	13.7922
0.000143152	24.1011
0.000210603	0.367653
0.000226272	6.11476
7.32964e-05	53.4915
0.000128784	9.08461
0.000103711	27.2773
6.86188e-05	28.6579
7.87776e-05	31.1863
0.000103711	27.6656
0.000100581	30.9784
6.98758e-05	31.7565
8.03561e-05	33.62
0.000139463	27.3259
9.91719e-05	33.8081
9.3858e-05	34.1829
1.44188e-05	55.0915
3.0081e-05	53.3834
2.94585e-05	56.6856
5.33743e-05	59.4221
6.24412e-05	49.5601
7.03414e-05	41.0585
8.47492e-05	48.7232
9.82658e-05	36.5901
8.45574e-05	62.9343
9.2254e-05	43.8396
0.000140777	89.2309
0.000151544	52.7113
0.000164577	95.0497
5.21858e-05	93.2161
0.000117281	38.2748
0.000118355	61.9093
0.000101655	33.6848
0.000192887	20.0639
0.00016726	-47.1132
0.000143964	-12.5794
0.00011511	-23.0579
8.37894e-05	52.5846
7.0791e-05	60.8174
3.20757e-05	45.4881
7.54296e-05	58.3327
3.7335e-05	26.3134
5.21155e-05	40.1958
3.92151e-05	52.9302
3.80072e-05	38.8821
0.000271543	15.7558
0.000164829	17.4707
0.000145609	-18.1763
0.000146841	64.2381
0.000126307	26.7962
0.000137322	-14.8569
0.000125772	-2.80447
0.000115678	38.4748
0.000114766	2.5416
9.88933e-05	37.2231
8.85367e-05	76.8171
7.21248e-05	41.1458
5.96201e-05	42.7549
0.000173058	87.9979
7.49959e-05	40.5555
6.42726e-05	37.9613
7.68694e-05	41.4376
0.00026453	78.9461
2.10362e-05	50.5749
3.65952e-05	3.56339
5.72755e-05	17.0033
6.09791e-05	10.3111
0.000102657	6.65819
0.000153514	42.6281
0.00017662	94.9693
0.000180207	73.4106
2.70797e-05	8.94106
0.000175189	15.8381
0.000162552	37.5951
0.000140143	30.8201
0.000205383	28.8769
4.99363e-05	-8.59634
5.19115e-05	-18.3333
5.81818e-05	-16.1946
6.75984e-05	-5.64098
9.15738e-05	72.9783
8.77828e-05	67.931
9.35538e-05	11.8297
9.95428e-05	57.1027
0.000118623	67.4403
0.000128308	56.8406
0.000147772	65.3585
0.000120268	21.6054
8.07308e-05	15.0758
0.00013535	-22.4234
7.14621e-05	56.6066
0.000189591	-6.66577
0.000133234	51.4383
0.000174669	30.8548
0.000152483	24.7485
0.000172957	20.4746
5.21128e-05	54.6336
0.000233418	-1.5716
0.000164137	-43.9156
0.00015248	-12.7583
0.000132952	10.9057
6.94091e-05	72.8188
7.45017e-05	43.4466
3.01188e-05	70.2051
6.96366e-05	55.9998
0.000109458	71.9037
7.23246e-05	10.6249
7.10083e-05	36.6681
3.31926e-05	74.3619
0.000127138	66.4943
0.000107535	54.5097
9.45139e-05	51.0476
0.000102937	36.043
0.000100794	36.929
9.24333e-05	79.071
7.89207e-05	104.298
3.52605e-05	17.2942
6.56147e-05	69.6928
7.87167e-05	93.2888
0.000220354	36.4337
0.000201164	33.9574
0.000108683	-23.8301
4.89748e-06	-12.786
1.86305e-05	-12.0677
4.77845e-05	-41.1554
5.63105e-05	-25.0846
5.883e-05	2.99028
8.39327e-05	16.6344
9.8173e-05	27.2062
0.000122537	16.8286
0.00010907	15.5193
0.000121203	24.544
0.000148551	34.8851
0.000146305	43.003
4.26356e-05	-32.0029
0.000115354	-42.9284
0.000137103	-19.5116
5.30046e-05	-44.6375
6.29799e-05	-27.3915
9.30276e-05	38.1489
0.00012026	20.8477
1.54232e-05	-21.6609
6.14613e-05	-10.7521
5.81362e-05	-25.634
7.28976e-05	-18.2767
0.000117547	-22.3471
0.000115157	-7.26852
0.000124423	-3.69837
0.000128232	34.1161
0.000161125	68.7634
0.000168102	63.9269
0.000182431	22.4031
0.000184625	43.7616
0.000188727	93.1096
4.25742e-05	-10.9471
5.29627e-05	-7.44577
4.39042e-05	-0.798742
0.000108228	12.1304
8.30243e-05	-9.48682
7.0837e-05	-14.3907
0.000116752	2.69157
6.97041e-05	-9.43304
5.63787e-05	-11.5533
0.000129128	-4.77899
0.000170459	46.7417
0.000160768	16.2433
0.000140682	25.002
0.000193939	1.74932
0.000124544	30.764
6.96568e-05	-11.4172
0.000187008	-8.58651
4.59196e-05	75.7498
0.000260162	-23.0633
0.000235404	-17.1403
0.000181771	-10.0285
0.000155945	21.4788
0.000145811	21.9328
0.000101389	75.2634
0.000111582	68.4133
0.000100338	61.4224
8.04042e-05	67.5531
6.72105e-05	69.6868
4.43441e-05	-14.1535
3.43959e-05	-23.495
5.9937e-05	32.8344
6.6475e-05	-1.46871
0.000108639	9.9778
0.00011942	-31.797
0.000126366	-21.7235
0.000119641	-2.29869
6.27661e-05	-15.8022
0.000131109	39.3521
5.72232e-05	-11.4146
1.36547e-05	-22.0088
4.31244e-05	8.39301
4.91485e-05	12.2144
4.72921e-05	-8.89645
3.89867e-05	21.5018
0.000190689	2.10466
0.000194306	19.1417
0.000193943	-12.1615
0.000136823	56.5537
7.318e-05	58.9305
5.47838e-05	7.95158
3.29049e-05	-28.1719
5.41938e-05	-32.2331
3.52619e-05	-37.2325
0.000193251	20.1829
9.40722e-05	-21.8048
0.000213437	19.8202
0.000165667	-7.40238
0.00016645	-8.63754
4.25786e-06	0.40351
2.46019e-05	-38.3964
1.12668e-05	-6.37797
3.06269e-05	-56.3482
3.09442e-05	-66.6535
5.37099e-05	-49.8502
0.000120769	19.6636
0.000117273	-2.74925
0.000121663	-17.8145
0.000124789	9.68615
0.000147864	12.0194
0.000171742	46.7717
4.41561e-05	-66.4924
3.80198e-05	-56.0588
6.90197e-05	-66.3327
0.000214467	5.5445
0.000262414	38.539
2.13229e-05	4.31295
5.46128e-05	-45.4422
8.18283e-05	-32.7299
8.2779e-05	-4.75032
9.20026e-05	-12.3791
8.21953e-05	-32.1637
0.000110412	-30.4865
0.000130628	-29.873
0.000131772	-28.5406
0.000161749	1.31546
0.000191025	88.2237
0.000231512	-7.24841
3.73926e-05	-6.62094
0.00011262	32.9428
8.23789e-05	12.4925
6.52853e-05	-2.4874
0.000181931	-12.6325
0.000109973	32.2972
0.000144765	-13.2752
0.000160518	-32.2696
0.000124544	-19.2795
0.000127543	-39.5998
0.000166095	-25.445
0.000201623	-21.867
0.000124916	-58.7909
0.000103022	-42.3877
0.000176082	-25.4798
0.000113326	-32.5701
0.000178477	-2.80416
5.98386e-05	-45.0023
2.33665e-05	-6.20906
2.38305e-05	-2.47606
7.26744e-06	-10.9827
4.23599e-05	-1.20413
4.83617e-05	11.7291
0.000205934	-5.25841
0.000185036	-18.7945
0.000141129	38.6362
0.000105314	60.5291
9.0976e-05	33.9553
8.35176e-05	28.6042
7.4645e-05	33.2508
4.76796e-05	3.93496
2.53208e-05	-5.9764
4.9816e-05	8.83548
6.60023e-05	-6.31265
0.00014767	18.5078
7.27625e-05	10.4736
0.000126414	66.0657
0.000105308	-17.8894
7.13843e-05	29.4022
0.000104426	11.3388
6.87767e-05	-6.82911
1.3986e-05	-1.48332
6.08534e-05	-11.3354
4.58282e-05	-3.72969
4.70324e-05	-15.8988
4.30153e-05	-6.95776
3.72807e-05	9.04994
2.72639e-05	15.1669
0.000176094	44.3718
0.000171632	59.1579
0.000152083	51.5369
0.000152465	72.635
9.88777e-05	55.3545
0.000115652	-22.1604
0.000128906	-20.8476
0.000146391	-5.41938
1.73873e-05	-62.6283
8.99291e-05	6.29548
0.000123032	21.8082
0.000148733	2.67999
2.67719e-05	-46.0419
0.0001424	-3.22564
9.81889e-05	-35.9535
1.02295e-05	-41.7561
2.4067e-05	-59.2892
2.74671e-05	-53.0465
2.60769e-05	-37.057
3.42555e-05	-62.4556
9.29328e-05	-22.0838
0.000118754	-36.0861
0.000151611	-33.0311
0.000220232	19.6328
0.000238788	8.91302
4.31974e-05	-4.33952
4.07999e-05	-75.1981
0.000170658	-23.2278
0.000155371	-27.5709
0.000109649	-74.2613
0.000213108	-60.9232
0.000129451	-68.7922
0.000176868	-43.05
0.000152722	-56.756
0.000173604	-80.2677
0.000105033	-53.1766
0.000197928	-60.2241
0.0001825	-23.7014
0.000162835	-36.4871
0.000144154	-25.114
0.000102827	-58.3228
0.000165668	-18.2727
0.000105681	-38.4838
1.91931e-05	10.3962
1.19558e-05	-0.644594
6.76043e-05	-4.04807
3.94534e-05	-18.3194
5.3837e-05	-1.13637
0.000178145	43.2054
0.000178531	27.7791
0.000123298	5.37341
0.000147924	36.07
9.46688e-05	-5.99857
8.17842e-05	7.04907
7.86026e-05	14.7971
8.08116e-05	12.6433
2.85054e-05	-4.50355
5.22171e-05	-6.67991
0.000119002	52.6969
7.69131e-05	36.1194
7.03397e-05	22.9228
0.000150647	-18.3655
0.00014334	-6.35402
0.000168799	-40.7483
8.35047e-05	-6.56135
4.83056e-05	0.110787
0.000210571	30.7298
5.75755e-05	-55.7397
8.83368e-05	-42.7185
9.33669e-05	-32.5849
9.06018e-06	-42.702
4.32233e-05	-40.3699
8.81226e-05	-56.6131
0.000104263	12.9511
9.64903e-05	-56.0377
0.000120182	31.9296
0.000130852	55.2889
0.000144547	20.4461
5.40591e-05	-31.358
6.21086e-05	-27.3984
0.000135404	-0.936978
0.000201262	3.29089
3.965e-06	-65.6557
1.94159e-05	-60.8745
4.99976e-05	-46.2774
5.97191e-05	-25.6097
6.71257e-05	-20.7859
8.14173e-05	-40.4478
8.95847e-05	-11.1938
0.000113423	-55.3522
0.00011332	-56.739
0.00017607	93.9415
0.000188825	69.0807
3.99699e-05	-53.1309
0.000227156	-78.736
6.62323e-05	-92.1583
8.06231e-05	-56.4881
0.000181757	-83.8822
0.00010302	-38.8371
6.10315e-05	-64.2547
0.000168199	-56.9315
9.77964e-05	-50.3111
0.000105515	-55.8337
5.67972e-05	-38.1566
1.65087e-05	-50.8614
2.58145e-05	-65.9864
3.50822e-05	-104.155
0.000264977	2.7426
9.58004e-05	-21.7263
8.84697e-05	16.1928
7.48479e-05	-2.984
3.614e-05	-82.6635
9.17316e-05	-41.1192
8.73803e-05	-32.1954
2.38287e-05	-104.494
9.88203e-05	25.6554
2.89634e-05	-118.351
2.27307e-05	-52.9977
3.13946e-05	-6.18748
3.7089e-05	-49.3097
4.83389e-05	1.88859
7.14704e-05	50.9196
8.8396e-05	-56.6248
8.76298e-05	17.3708
9.73891e-05	-3.23315
0.000147284	-12.3578
0.000155205	61.5501
6.54153e-05	-36.6001
9.84705e-05	-8.19439
0.000199392	18.5828
2.00932e-05	-83.9544
3.74801e-05	-16.3707
7.81745e-05	3.59298
5.0938e-05	-15.6714
5.39488e-05	-32.8307
9.89026e-05	-3.57589
0.00013809	-18.4128
3.85451e-05	-84.7069
4.82942e-05	-75.9492
0.000220619	-70.5039
6.4252e-05	-63.9773
0.000219528	-54.0206
0.000113348	-44.8743
6.50529e-05	-36.5001
0.000166904	-71.2562
7.18857e-05	-55.0407
0.000107679	-30.7937
0.000226302	-49.4663
0.000265288	-21.1182
0.000265929	-35.7431
0.000112028	-64.2938
2.17856e-05	-74.3175
2.34657e-05	-83.8229
1.09489e-05	-89.8602
4.1602e-05	-98.0036
3.86884e-05	-75.1892
3.17652e-05	-67.0615
0.000207752	9.35202
0.000156629	20.8688
0.000136958	-22.3008
0.000111442	-36.1755
0.000108027	-32.2321
9.35598e-05	-29.5856
7.68507e-05	-59.725
6.62985e-05	-61.0868
0.000113163	-32.3226
8.81885e-05	-34.8755
0.00013198	-65.7069
6.00137e-05	-19.893
1.37405e-05	-96.0582
2.27334e-05	-77.1964
4.84352e-05	-71.2922
2.78767e-05	-109.54
2.60687e-05	-103.937
9.92673e-05	-50.5204
4.68162e-05	-93.7328
1.17945e-05	7.96083
2.58986e-05	-27.0602
2.58475e-05	-9.09711
5.93795e-05	-5.54136
6.80566e-05	26.1883
7.02868e-05	8.17667
0.000105347	17.6032
0.00015281	23.414
0.000175245	45.4378
3.58862e-05	27.6184
4.29402e-05	11.1789
3.01652e-05	34.5297
3.39994e-05	34.7507
0.000124909	-14.9409
0.000113753	-13.3155
2.11447e-05	34.6119
2.14413e-05	48.8217
1.08996e-05	57.6978
3.50431e-05	28.9468
3.88789e-05	-4.09966
4.45333e-05	10.585
4.35572e-05	10.9388
7.41546e-05	20.5221
0.000275118	-38.0054
2.43934e-05	25.8554
4.01541e-05	12.1581
3.83739e-05	18.4512
6.05332e-05	42.7327
0.000217071	-14.5696
8.60811e-05	-12.0706
0.000224484	-64.2081
0.000111655	-22.2729
5.37028e-05	0.347526
0.0002486	-26.3328
0.000157746	-49.5637
5.0992e-05	0.83738
0.000222736	-64.4672
0.000121454	2.90266
8.28178e-05	9.74927
4.17044e-05	-52.3965
3.79195e-05	-84.6448
0.0002061	-53.7196
0.000194508	-55.8826
0.000195048	-68.5678
0.000152396	-71.6477
0.000148507	-51.7453
0.000132302	-33.9116
0.000115435	-10.1896
0.000124103	-22.8829
0.000136107	-27.5825
0.000128338	9.93225
0.000127618	-24.2368
0.000102112	-23.0745
9.68686e-05	-25.9641
9.20099e-05	-33.1265
7.15314e-05	-14.7583
4.68228e-05	-54.51
7.84919e-05	-33.484
6.26338e-05	-47.2609
0.000101474	-61.0763
0.000109529	-50.0812
9.79501e-06	-4.60676
1.75272e-05	4.45728
0.000148507	-50.7392
0.000116694	-17.2643
9.00371e-05	-37.0823
7.5359e-05	-3.24591
6.79913e-05	-22.6142
7.38268e-05	37.1365
5.57478e-05	-27.5229
8.03455e-05	2.76169
6.52961e-06	31.2785
1.38829e-05	7.60592
8.45736e-06	38.6349
1.59042e-05	7.31647
1.82475e-05	35.445
7.80936e-05	12.2513
8.52984e-05	-25.7328
0.000100255	13.0127
0.000100513	-0.203693
0.000131241	35.2302
0.000116783	25.9702
3.37617e-05	2.87478
2.43899e-05	21.8851
2.77475e-05	9.59863
7.68655e-05	7.70168
8.50231e-05	8.37264
9.34155e-05	15.8358
0.000112007	-19.0038
0.000142756	-4.4707
0.000179562	-27.6557
0.000192273	-27.4339
0.000184625	-45.018
0.000262357	-66.9772
0.000172652	-10.2274
0.000114993	14.9285
9.49169e-05	-0.803865
8.55977e-05	24.3894
6.02136e-05	-19.1173
0.000120708	23.2636
0.0001948	-41.146
9.23799e-05	-3.60305
0.000135132	-22.462
3.5951e-05	-20.0867
2.78877e-05	5.03901
1.44537e-05	18.4119
5.12163e-05	14.491
4.97274e-05	0.667597
4.51363e-05	33.1335
0.00020017	-69.5033
0.000129408	-45.2605
9.99293e-05	36.3787
9.42358e-05	38.654
7.33721e-05	-14.7422
7.66567e-05	20.5338
6.73201e-05	4.67167
6.29262e-05	-8.64428
6.3892e-05	10.6537
3.26964e-05	-23.199
4.13328e-05	51.8131
0.000279695	-25.1078
0.000203862	-21.2266
7.55932e-05	-0.288275
0.000121157	-15.4347
0.000107177	-37.9097
1.54075e-05	39.6098
0.000128752	-41.5247
0.000109197	-5.75294
6.78998e-05	13.6749
5.31041e-05	40.5707
6.45997e-05	36.2355
0.000105317	47.8004
5.60154e-05	16.7079
4.5987e-06	-47.6534
5.85468e-05	-57.4535
5.81362e-05	-57.4559
7.03365e-05	-29.7935
0.000134708	-42.5507
0.000175176	18.1546
0.000180498	45.6951
4.92183e-05	-63.5316
5.80935e-05	-47.8159
6.89279e-05	-56.4859
8.20536e-05	-38.7887
9.18748e-05	-50.3938
0.000111486	-66.9743
0.000127466	-77.001
0.000140208	-55.3918
0.000173508	-62.1434
0.000164069	-53.9374
0.000173636	-57.1749
0.000238596	-46.1978
0.00025472	-70.2824
0.000241734	6.88485
0.0002777	-55.618
2.2346e-05	-63.1996
9.53262e-05	-23.8847
0.000163654	15.1205
0.000158696	-50.4718
0.000272929	-43.657
0.00017306	-43.0649
0.000186148	-27.7569
3.50679e-05	-40.1895
7.52514e-06	-38.4639
0.000149935	-33.219
0.000140274	2.30648
0.000123106	18.6208
0.000119072	73.553
0.000112685	15.9975
9.89325e-05	28.9853
8.41736e-05	18.2739
3.16891e-05	-25.2215
2.58943e-05	-52.6808
0.00013806	-8.35258
6.59291e-05	-59.3742
2.15694e-05	-67.1698
0.000135586	71.6327
0.000120434	66.0965
0.000101486	22.7832
0.000110333	35.1649
5.8833e-05	-27.2622
8.43618e-05	-14.7657
0.000285863	99.7854
8.80709e-05	-4.81161
2.58071e-05	-36.0609
2.43701e-05	-36.3895
3.87235e-05	-49.5301
6.1454e-05	-13.2456
7.2807e-05	-5.31245
7.91614e-05	-0.542236
4.27683e-05	-20.6801
5.9586e-05	6.77068
8.46315e-06	-43.4614
1.62738e-05	-42.54
4.51561e-05	-44.175
5.00932e-05	-51.2637
4.59918e-05	-53.9103
8.34374e-05	6.85302
0.000108845	5.91177
0.00012022	46.3789
0.000123312	16.962
0.000125678	34.602
0.000142125	26.9154
0.000144695	-11.5892
0.000142899	5.24411
0.000151348	11.3324
0.000163726	-0.852145
5.08748e-05	-63.6801
3.25399e-05	-58.4148
0.000186372	-13.8811
0.000126355	-43.4714
6.17652e-05	-66.3353
0.000152729	-46.4545
0.000210604	-0.617753
0.000192247	-9.01878
0.000197205	31.6658
0.000153275	-15.0532
0.000179284	-21.703
0.00016645	-12.7574
0.000239768	-35.5264
2.78022e-05	-53.8305
5.06059e-05	14.3138
4.8603e-05	25.958
5.53122e-05	-13.3461
0.000136607	-24.204
0.000119765	-7.23462
0.000100212	-17.2421
7.50629e-05	-5.31061
3.58925e-05	-32.8084
4.44019e-05	-55.8996
7.5262e-05	13.4518
6.16316e-05	28.6337
0.000103707	-21.7747
0.000139286	23.7243
0.000165674	22.0867
4.7066e-05	-3.88675
3.50484e-05	-28.7375
0.00010226	-0.68293
6.06456e-05	7.10646
9.3887e-05	3.61906
7.3576e-05	10.0357
0.000109926	17.5871
0.000136644	45.442
9.18398e-05	3.97611
1.85077e-05	-39.329
6.27954e-05	-20.4616
8.81435e-05	-3.21697
0.000120492	23.0372
0.000147736	38.8216
3.99623e-05	-37.3719
6.38956e-05	-39.3991
6.77937e-05	-46.364
8.3954e-05	-52.6742
6.72432e-05	-30.3811
8.99874e-05	-68.3654
0.000126325	-45.7007
0.000188179	-25.2861
0.000188806	-18.625
0.000230406	-37.3913
0.000259596	-69.3834
0.000250337	-69.9369
0.000245866	-47.0285
0.000192686	11.0254
4.51936e-05	-36.0651
0.000202176	17.2251
0.000121601	-52.9311
0.000224609	-41.0445
0.000124544	-59.5118
2.59148e-05	-1.59816
9.84712e-06	-40.6208
4.91028e-05	15.1527
4.52275e-05	26.102
0.000207766	-57.6827
0.000178033	-52.3059
0.000126429	-33.6493
9.29762e-05	-26.1506
6.62396e-05	18.4432
0.000137745	37.9055
0.000110334	29.2512
0.00014297	13.6194
0.000126381	4.46724
2.95889e-05	-24.3926
1.6984e-05	-32.2102
3.93089e-05	-0.58351
3.97944e-05	5.16855
0.000118868	21.5613
9.26804e-05	-5.16235
8.32906e-05	-3.91227
6.27498e-05	10.668
7.46054e-05	-14.6866
0.000127611	36.0059
0.000180496	44.942
1.85713e-05	-38.1619
4.47307e-05	-39.915
5.07459e-05	-23.9852
6.75059e-05	-44.9772
8.89391e-05	-27.077
9.38482e-05	-33.4015
9.92911e-05	-21.0793
0.000160643	37.9277
3.02772e-05	-35.8819
4.98638e-05	-40.2696
6.03147e-05	-33.0724
1.03024e-05	-37.0994
4.13723e-05	-21.7562
4.27012e-05	-16.9959
5.2592e-05	-25.3465
5.6998e-05	-37.9797
7.66857e-05	-33.1594
8.40267e-05	-31.7231
0.000104073	-49.7524
0.000122543	-39.7966
0.000201165	26.1381
0.000222969	-75.2823
0.000242845	-71.3498
0.000223267	-4.02457
0.000257574	-52.7766
0.000291444	-40.7179
4.53152e-05	-37.0968
2.85811e-05	-33.6377
0.000172852	22.5322
9.69644e-05	0.497752
7.42067e-05	17.0153
0.000174025	-50.5308
0.00023273	-72.4462
0.000100513	-28.9326
0.000180183	-51.9682
0.000117765	-56.9885
0.000101574	-43.0596
0.000138101	-26.914
9.12473e-05	44.0685
7.05869e-05	5.29497
6.3437e-05	43.0013
9.68514e-05	-20.3193
9.02176e-05	-78.4567
6.77228e-05	-71.1584
0.00019034	24.8265
0.00017689	25.9176
1.57028e-05	-40.702
0.0001326	27.8418
0.000128904	1.43278
0.000103372	6.59018
3.62491e-05	-24.6288
0.000104331	27.8897
0.000144276	48.9991
4.5987e-06	-47.6534
5.85468e-05	-57.4535
5.81362e-05	-57.4559
7.03365e-05	-29.7935
0.000134708	-42.5507
0.000175176	18.1546
0.000180498	45.6951
4.92183e-05	-63.5316
5.80935e-05	-47.8159
6.89279e-05	-56.4859
8.20536e-05	-38.7887
9.18748e-05	-50.3938
0.000111486	-66.9743
0.000127466	-77.001
0.000140208	-55.3918
0.000173508	-62.1434
0.000164069	-53.9374
0.000173636	-57.1749
0.000238596	-46.1978
0.00025472	-70.2824
0.000241734	6.88485
0.0002777	-55.618
2.2346e-05	-63.1996
9.53262e-05	-23.8847
0.000163654	15.1205
0.000158696	-50.4718
0.000272929	-43.657
0.00017306	-43.0649
0.000186148	-27.7569
3.50679e-05	-40.1895
7.52514e-06	-38.4639
0.000149935	-33.219
0.000140274	2.30648
0.000123106	18.6208
0.000119072	73.553
0.000112685	15.9975
9.89325e-05	28.9853
8.41736e-05	18.2739
3.16891e-05	-25.2215
2.58943e-05	-52.6808
0.00013806	-8.35258
6.59291e-05	-59.3742
2.15694e-05	-67.1698
0.000135586	71.6327
0.000120434	66.0965
0.000101486	22.7832
0.000110333	35.1649
5.8833e-05	-27.2622
8.43618e-05	-14.7657
0.000285863	99.7854
8.80709e-05	-4.81161
