1.88892e-05	-3.94823
1.39197e-05	9.79289
1.85951e-05	31.5654
2.28258e-05	42.5187
3.99128e-05	12.9897
3.93034e-05	-5.64535
4.97128e-05	20.5816
6.32383e-05	35.6514
0.000126746	-4.26568
0.000168341	-19.4879
0.000250246	40.2598
0.00027645	67.5609
2.60308e-05	24.0043
0.000114495	-21.7203
0.000164011	-22.0754
0.000146059	1.12686
0.000112738	-29.9325
0.000192753	0.6302
0.000227153	-18.441
7.2344e-05	-13.3842
0.000148052	-5.38562
0.000184625	3.72792
0.000241691	61.6233
0.000236148	10.2506
0.000240495	34.0417
0.00016645	10.4528
0.000179335	25.4546
0.000281565	59.3613
0.000203416	42.7034
2.32834e-05	26.5239
2.92706e-05	20.5404
2.98365e-05	19.7759
2.85794e-05	31.6738
4.08002e-05	25.3366
5.60889e-05	46.6455
0.000125404	11.9525
4.03066e-05	-7.48857
8.75228e-05	60.3332
2.61676e-05	-16.3587
4.46629e-05	-8.23328
0.00016207	-35.5462
0.000161806	-33.229
0.000157717	-36.1435
0.000118793	18.5696
7.45347e-05	-15.9973
2.83053e-05	-5.81563
0.000128353	-16.5772
7.88549e-05	13.641
0.000118471	-3.86363
0.000159511	-5.79957
0.000142961	13.4178
5.64951e-05	18.61
0.000150918	5.51805
0.000146367	19.538
2.38984e-05	-12.5996
2.53052e-05	-43.0516
4.19824e-05	-6.35815
3.17226e-05	-17.4223
0.000210704	-50.5581
0.000139258	-8.0626
0.000139122	-7.18206
0.000115422	-16.6989
8.84408e-05	6.07537
4.04566e-05	-18.8615
0.000161022	-15.6922
5.40718e-05	-35.1036
0.000122251	18.1878
7.51951e-05	-33.5441
6.38865e-05	-19.2557
8.3741e-05	-10.5146
1.95743e-06	-21.0904
9.8669e-06	-19.9372
2.48549e-05	-13.0242
2.83196e-05	-15.2786
6.82746e-05	39.045
6.68517e-05	8.17097
7.94877e-05	22.645
9.95446e-05	-34.0986
0.000156022	19.8411
0.000164695	36.5828
4.42798e-05	21.389
0.000159958	32.4699
0.000106351	-6.27289
0.000126467	-10.7585
0.000190001	3.43488
0.000225228	27.4199
0.000121036	-6.63061
0.000138553	6.6311
8.74002e-05	30.7491
8.71778e-05	12.8762
5.88715e-05	6.07688
3.41078e-05	3.62086
4.02837e-05	6.00605
7.35283e-05	14.3258
0.000123953	-14.0949
0.000126859	56.9482
0.000135711	51.7715
0.000215506	-4.24631
0.000168033	1.18142
2.56167e-05	3.03048
4.90749e-05	-1.0272
3.07404e-05	24.9376
3.24674e-05	11.9933
0.000204941	7.89218
0.000198059	-10.2897
0.00015871	2.11207
0.000150509	-26.3458
0.000143532	12.634
0.000137068	1.10778
0.000130213	-1.86884
0.000120223	38.1204
0.000116681	16.1111
0.000112759	17.6024
0.000100049	20.3089
9.89327e-05	2.54071
8.2978e-05	18.5699
7.10476e-05	-12.5051
6.5789e-05	-19.2895
5.55192e-05	-6.50421
3.62203e-05	12.6162
0.00012026	26.3454
0.000148046	33.7869
7.57396e-05	33.4352
0.000131524	12.4426
0.000112699	65.2327
0.000156312	1.14586
0.000128943	-2.69783
0.000118241	-19.2195
0.000114988	8.92922
9.28292e-05	21.7746
6.15644e-05	8.08102
6.95786e-05	-1.7708
6.16147e-05	-4.45378
0.000124083	-12.4967
0.000128308	-10.6927
0.00023584	11.9831
0.000136802	18.8817
0.000145322	19.8642
2.23024e-06	-11.9819
1.46744e-05	-0.311899
2.87906e-05	-15.0719
1.79107e-05	5.45332
1.53478e-05	2.0435
3.8468e-05	8.32307
4.81285e-05	5.33361
6.50122e-05	5.75089
0.000100722	25.2508
0.000108387	-14.9848
0.00010495	1.50199
0.000130041	1.66335
0.000298507	5.61726
0.000114452	-6.63026
7.5987e-05	-9.07294
0.000164406	24.747
3.2254e-06	-5.82363
1.12595e-05	8.6592
1.01762e-05	11.162
7.99252e-05	15.138
0.00013309	13.177
0.00014391	44.8984
0.000162655	0.334755
0.000170499	17.127
0.000238245	-14.8358
4.34054e-05	-20.2425
3.35784e-05	-5.03445
4.11062e-05	-46.3569
0.000140786	-28.2407
0.000131472	-30.4227
0.000107051	-12.3496
0.000130212	-3.19677
0.000116497	-18.6689
0.000114918	-18.6977
8.41221e-05	-21.8901
6.89298e-05	-16.43
7.4004e-05	-51.5606
7.41152e-05	-42.1912
6.79482e-05	-39.4761
6.79563e-05	-19.8215
8.80551e-05	-43.0871
0.000225367	-39.5241
0.000222331	-70.3855
0.000213428	-33.5701
0.000201713	-6.38167
0.000173549	18.5226
0.000151543	60.3292
9.5498e-05	16.7354
2.1029e-05	-8.68464
1.11319e-05	0.0290595
1.29026e-05	-17.2116
3.03137e-05	-17.5082
0.000176562	-40.7812
0.000174615	-21.9124
0.000162169	-41.3107
0.000157358	31.2731
0.000139342	-33.547
0.00012763	20.4256
0.000115511	20.7381
0.000119736	0.504608
0.000105328	9.99874
7.3311e-05	-14.4368
5.83375e-05	-30.0029
5.33595e-05	-16.9247
0.000132162	-50.1429
0.000131924	-22.3916
1.50998e-05	-25.5135
2.38337e-05	-22.8038
3.95101e-05	17.5382
4.35554e-05	18.6655
4.65351e-05	-1.05218
5.19654e-05	3.07693
5.55013e-05	8.07317
6.32471e-05	10.2881
7.52336e-05	2.34199
7.56353e-05	4.67833
8.2209e-05	15.8646
8.9555e-05	12.7854
0.000106001	17.6097
5.91776e-05	6.2897
6.82011e-05	26.8347
8.86826e-05	1.94628
0.000123302	-11.7156
0.000123322	2.40145
0.000143768	-37.4538
0.000157513	27.061
0.00014914	17.0526
0.000107487	-8.728
0.000123997	-2.13872
5.32923e-05	22.8382
7.43413e-05	16.7565
0.000104916	18.4312
0.000143827	35.4101
2.10245e-05	-2.1008
4.98877e-05	12.38
5.26425e-05	26.7914
3.27486e-05	-22.9108
0.000125875	77.7038
9.43446e-05	5.92854
6.75209e-05	25.2201
6.46919e-05	16.2974
4.94781e-05	-18.0693
5.27605e-05	-24.7197
3.85081e-05	-49.1955
3.4852e-05	-39.9617
0.000184272	-26.3442
0.000155584	-10.0035
0.000143827	-13.0242
0.000143239	-7.59432
0.000122893	-5.52136
0.000134786	-28.9543
0.000117493	11.5113
0.00010931	-21.1382
9.22933e-05	-32.4923
8.07522e-05	-28.9093
8.24618e-05	-32.7377
6.84735e-05	-30.8376
6.20816e-05	-6.03858
5.34058e-05	-29.0077
5.71265e-05	-2.05215
0.000199342	-26.9618
0.000233297	5.09798
0.000183892	12.4216
0.000151757	-2.0359
5.96225e-05	-20.495
0.000164183	-1.8351
0.000109641	-29.2486
0.000104586	24.9443
2.75747e-05	-46.2984
1.5086e-05	-34.4675
1.07861e-05	-33.4923
5.30269e-05	-65.5209
4.70714e-05	-35.8556
0.000157113	-26.701
0.000151301	-4.72408
0.000148935	-7.51571
0.000128799	-47.2066
0.000123167	-38.106
0.000119066	-67.1519
8.18057e-05	-63.4555
6.59956e-05	-59.1111
4.14104e-05	-23.4436
9.8895e-05	46.2281
9.81223e-05	41.7452
9.13327e-05	-3.6148
5.23446e-05	0.815836
0.000111548	13.2472
3.12788e-05	14.9989
3.49763e-05	-6.09181
8.75557e-05	16.4774
0.000132916	-1.13085
0.000168268	9.83771
0.000191126	73.1387
0.000130949	-9.84094
7.94311e-05	-24.9693
0.000184831	44.2011
0.000205615	64.9558
0.000105328	1.53537
4.39194e-05	-6.35596
4.33121e-05	7.73112
4.6715e-05	-7.76422
4.60923e-05	-1.27892
7.66335e-05	30.6276
9.02051e-05	2.3193
9.76657e-05	17.8876
0.000102093	28.8953
0.000135479	82.7024
0.000106432	12.4619
7.80367e-05	23.2105
7.44299e-05	-0.033048
0.000108606	-2.78794
2.29092e-05	-16.405
0.000125877	20.0691
0.000122692	19.8076
0.000115625	28.2524
8.82477e-05	-9.85047
7.53375e-05	32.2094
7.45188e-05	42.3637
5.03568e-05	-6.3115
5.42941e-05	-23.1009
3.06354e-05	-8.45303
0.000299201	-42.7473
0.000248926	-9.55011
0.000210841	-19.6134
8.05737e-05	47.8463
0.00013341	21.217
0.000201741	8.15675
0.000147576	38.6594
0.000201042	47.1828
9.58632e-05	18.7199
8.62158e-05	-11.2565
7.57459e-05	-53.6815
6.82395e-05	-36.1846
3.76201e-05	-27.9865
5.19137e-05	-47.8919
5.72058e-05	-45.5131
6.43237e-05	-34.9724
0.000203098	-49.8926
8.35047e-05	-0.221138
2.60636e-05	-21.4077
7.76351e-06	-11.0403
9.64852e-05	-26.4892
9.41732e-05	27.1646
0.000101353	19.8634
0.000102093	10.2311
0.000113146	59.6161
0.000146722	51.094
0.000203141	45.8628
4.43325e-05	-5.43188
0.000137333	-0.816609
0.000177512	-27.3162
0.000134111	0.917721
0.000142186	0.217051
0.000135507	2.93699
7.84954e-05	15.0584
6.27445e-05	-8.04906
0.000137081	-0.316438
0.000138121	22.0811
0.000155062	22.0363
0.000157801	45.6633
0.000162836	33.4677
1.54541e-05	-1.007
1.50785e-05	-5.05467
4.59667e-05	-51.5813
4.54424e-05	-46.6263
9.50524e-05	-9.81118
0.000147952	-33.5202
0.000133294	13.0769
0.000131167	-9.5142
0.000125599	39.3135
0.000104649	7.06409
0.000110495	8.5666
9.68057e-05	-5.81404
9.73891e-05	-3.58147
9.23497e-05	64.3422
9.28292e-05	-22.7156
8.60107e-05	-23.6591
3.81717e-05	-19.2678
0.00018954	-4.24795
0.00017856	-38.2191
7.12223e-05	-22.6766
0.000141503	-43.4586
0.000196446	-2.50447
0.000246721	52.2027
0.000132556	-9.71235
0.000132175	-22.7602
0.000115224	18.7927
8.5716e-05	-3.88943
6.06897e-05	34.2014
0.000102062	-41.881
7.34023e-05	-1.79008
8.19824e-05	-24.3589
0.000104843	-8.71968
0.000124207	4.25985
0.000124544	14.4347
0.000161806	-43.0555
9.484e-05	-8.5629
0.000102516	-3.73753
3.99225e-05	-16.2018
3.99001e-05	-0.40633
6.13232e-05	-6.56629
9.57488e-05	-18.3824
0.000117273	6.97111
0.000181263	13.7028
0.000190182	28.411
3.47463e-05	-15.2294
3.86002e-05	13.4656
6.00393e-05	2.85257
0.000143579	-7.70026
0.000155062	-16.5065
0.000148932	-11.8103
8.45376e-05	-2.19313
8.98826e-05	3.27794
0.000120741	-22.4352
0.000158016	5.73692
3.56029e-05	-24.0469
0.000166626	43.6388
3.12579e-05	-51.5583
2.86068e-05	-31.6457
2.65739e-05	-22.223
0.000225654	-42.1922
0.000180222	-16.4909
0.000145054	-39.5789
0.000136106	-23.769
0.000129111	-13.1537
0.000128807	-1.1471
0.000122233	-47.1029
7.86005e-05	-32.3822
7.0847e-05	-35.9387
6.98507e-05	-39.0684
4.80144e-05	-65.3457
3.68651e-05	-40.4489
2.58639e-05	-64.6361
7.52436e-05	-67.8646
0.00033188	-31.7764
0.00030278	-24.5517
0.000315997	4.12419
0.000107091	-71.5571
0.000128338	-23.9494
0.000103027	-19.6954
1.73152e-05	-5.67913
3.19307e-05	-12.7031
0.000129518	-2.52187
8.89318e-05	16.7201
7.6866e-05	4.59736
7.92468e-05	5.34607
6.85394e-05	11.9774
6.60632e-05	9.81799
5.00392e-05	20.7704
0.000100737	-9.3331
0.000123108	6.11401
0.000139659	20.4666
0.000193883	-27.7646
0.00010747	-5.0614
0.000112701	1.65109
0.000123918	1.81707
0.000156297	-7.9595
0.000137462	-19.4863
0.000106833	-12.156
3.26576e-05	-21.2089
3.94312e-05	-1.54323
5.89671e-05	12.9608
6.15783e-05	24.238
6.33711e-05	15.7375
7.08497e-05	-15.3137
8.02416e-05	-24.7055
0.000119155	-14.0588
0.000153569	-3.42464
0.000143662	0.66648
0.00014861	-32.9227
0.000159866	-12.4954
0.000168756	-12.3366
0.000172927	-7.08082
0.000181554	-6.7522
3.64725e-05	-8.75572
2.69863e-05	-0.676774
8.76958e-05	-40.3913
0.000214083	-26.7603
0.00014431	-23.4123
0.000184624	-17.7983
0.000198768	-33.5764
0.000182715	-13.3562
9.38453e-06	-20.3741
2.26529e-05	-21.1062
2.55577e-05	-22.9942
5.1722e-05	18.9131
7.7677e-05	13.8177
4.67421e-05	4.63613
0.000100004	-45.1407
7.35293e-05	-48.0051
7.19139e-05	-28.3683
2.56347e-05	-23.2665
4.79141e-05	-10.6953
0.000171287	2.23252
0.00017355	-4.35767
0.000159462	-20.426
0.000153172	-17.737
0.000134137	-46.3413
0.000114522	-38.6391
0.000127978	-35.0159
0.000128308	-21.6418
0.000124543	-30.5953
0.000119069	-17.9225
0.000106112	-14.3543
0.000106983	-41.4685
0.00010124	-6.70184
9.57975e-05	-6.92746
7.65367e-05	-7.69489
6.29836e-05	-28.5282
6.15789e-05	-4.401
5.62177e-05	7.12563
0.000224403	-14.0831
0.000198838	-23.4562
0.000178531	-50.8922
0.0001722	-56.4519
5.87988e-05	-91.4399
0.000186149	-32.9285
2.78155e-05	4.65988
2.50891e-05	-6.77198
1.82338e-05	-3.23705
3.24786e-05	-22.6914
0.000110274	17.0442
8.82282e-05	32.0888
8.93862e-05	-37.6244
6.50617e-05	-18.9108
5.8088e-05	20.7536
0.000209634	-11.7029
0.000114091	0.368315
0.000114191	6.87993
0.00011202	14.8739
0.000145742	-16.0084
0.000153972	-37.0248
0.000187702	0.786844
2.70942e-05	-28.4214
5.69343e-05	-78.908
6.71615e-05	-61.5706
9.72479e-05	-38.938
0.000127514	-18.544
0.000141417	-8.05602
0.000175231	-7.18365
2.98998e-05	-11.111
6.67852e-05	-24.7349
0.000126404	-33.5642
0.000157044	-69.4479
0.000209698	-32.2644
9.54446e-05	-39.6996
0.000166311	-50.2058
0.000351573	29.5818
0.000124362	-50.409
0.000244993	-28.6053
0.000164063	-9.12701
6.72442e-05	-47.9355
0.000112607	22.2566
0.000154138	-5.39258
4.54901e-05	-9.5096
2.38523e-05	-2.06529
5.39759e-05	-22.1275
0.000125399	-24.0062
0.000101172	9.43938
7.14179e-05	-19.5747
0.000111549	-12.9268
9.75975e-05	-18.8652
0.000124243	20.335
7.29546e-05	-70.2624
0.000111366	24.632
2.40785e-05	5.5535
5.04538e-05	-2.68421
0.000299855	-33.2243
0.000287162	-20.7815
0.000171489	7.03398
0.000158218	6.56586
0.000157541	9.66973
0.00012313	19.9774
8.46205e-05	-8.09619
7.07101e-05	-9.98557
0.000166451	11.8469
0.000256441	-26.9667
0.000206369	-44.0351
0.000136477	-25.4324
8.7468e-05	5.75668
0.000103871	2.74331
0.00012396	-27.6359
0.000178028	-34.5121
4.20837e-05	-15.5891
3.49662e-05	-10.044
0.000112691	-3.00964
9.87261e-05	-15.1317
9.13681e-05	23.8003
8.13879e-05	19.7545
7.50994e-05	14.3466
3.36847e-05	17.8789
8.46838e-05	2.88273
0.000191822	-15.9598
7.10619e-05	-4.50705
0.00021052	-13.8046
9.64143e-06	8.85442
3.75067e-05	6.77036
5.41892e-05	1.32342
5.66968e-05	-64.5041
6.47807e-05	16.4064
6.838e-05	-27.7628
8.34404e-05	-16.8875
9.11622e-05	0.0729112
0.000194458	-20.444
0.000190838	-12.6259
0.000208859	2.29262
3.77864e-05	4.35562
4.57013e-05	-3.80178
3.48623e-05	1.98784
6.88908e-05	-5.55074
0.000171953	-0.700654
0.000257031	-62.9996
5.78108e-05	16.8647
0.000272095	-29.8504
5.82985e-05	-8.0058
0.000279997	-15.3139
0.000168831	-62.2316
0.00028576	2.55221
7.62937e-05	28.4148
0.000181894	-34.7061
0.000129272	-47.9116
1.77493e-05	-1.53622
0.00011202	-25.825
0.000113557	-20.9695
0.000115518	26.8878
0.000126943	25.7639
0.000136539	20.9398
0.000138101	21.3504
4.74064e-05	-49.5073
3.04829e-05	-27.1792
5.76512e-05	-65.2613
9.75076e-05	-53.7348
7.03799e-05	-80.4085
7.60972e-05	-91.7387
1.8021e-05	16.1669
3.16647e-05	-6.24675
2.60157e-05	3.18708
8.03989e-05	-3.5097
8.06252e-05	-1.20678
6.19494e-05	28.8234
5.27482e-05	-24.3673
0.000106593	-23.8198
0.000128913	-65.7837
0.000198589	-20.1603
0.000152235	-9.32364
0.000214808	-28.0262
0.000184273	-17.0917
8.9821e-05	50.1504
8.38482e-05	3.68977
8.69774e-05	55.3697
7.40959e-05	3.12594
6.86106e-05	-7.25461
6.54509e-05	-8.00985
5.20402e-05	24.6089
3.53799e-05	-7.81463
6.71301e-05	19.519
0.000210459	-39.0356
0.000204981	1.80013
1.76951e-05	12.2358
2.30866e-05	3.96123
4.51266e-05	18.1545
3.02805e-05	-0.403782
3.16555e-05	-2.27279
4.02761e-05	-0.266959
5.31971e-05	-3.0858
5.20058e-05	13.6799
6.59153e-05	45.93
6.41556e-05	33.8508
7.65543e-05	47.0235
8.69476e-05	-2.22951
9.18052e-05	22.3544
0.000103018	22.241
0.000133448	40.8155
0.000141809	29.7258
0.000147632	27.3493
0.000147632	24.5976
0.000142186	18.521
0.000149047	-18.9653
0.000149921	87.0431
0.000161885	24.9492
0.000171897	6.27761
0.000172233	76.217
0.00016407	54.3901
0.000181288	27.2252
0.000220843	64.2377
0.000349737	24.3091
2.51887e-05	6.04772
7.25386e-05	2.1087
0.000144584	47.4907
0.00015074	-32.7462
0.000235223	-18.6949
0.000271193	-24.8295
1.3233e-05	6.99093
1.69727e-05	9.29872
1.55635e-05	14.327
5.55162e-05	-27.801
6.93137e-05	-59.0434
7.9726e-05	-37.5471
9.11751e-05	-22.5002
0.00010707	-30.7377
0.000113711	-19.526
0.0001464	62.6723
0.000204332	72.4258
5.5623e-05	-21.1054
0.000133787	-63.8998
7.25135e-05	-16.8052
0.000178086	-16.137
8.36551e-05	-21.5173
8.29434e-05	-19.1854
2.55798e-05	-4.96839
1.94064e-05	1.38561
3.9151e-05	2.29851
0.000166389	-32.6156
0.000149693	-85.6021
0.000156522	-16.9702
0.000126853	-27.1375
0.000124458	-54.6649
0.000100032	-31.0495
0.000111738	1.46448
9.62553e-05	-38.3489
9.29702e-05	-11.2889
8.91881e-05	-26.3885
8.58855e-05	-33.5127
6.43975e-05	-34.1582
5.83088e-05	-43.4269
0.000220137	-25.1084
9.44497e-05	-63.2841
0.000170561	-15.7617
0.000110198	-52.6387
0.000100961	-129.633
7.4568e-05	-16.0593
1.89528e-05	-9.29314
5.26971e-05	2.84942
0.000100079	-10.2017
3.17992e-05	19.1352
5.72057e-05	72.0479
0.000205227	-25.8861
3.28976e-05	40.1985
7.38739e-05	24.2925
6.24503e-05	42.6509
6.64442e-05	14.6125
7.16815e-05	20.3953
0.00010559	4.24545
0.00011186	54.3109
0.000139346	47.9192
0.000187263	37.6808
5.58061e-05	58.6706
0.000353504	-21.6115
0.00015635	51.9339
0.000171085	27.8372
3.25394e-05	-10.3112
5.31628e-05	-12.9794
4.59838e-05	1.58993
6.032e-05	2.11463
7.43251e-05	-32.2456
6.94966e-05	9.5042
9.75935e-05	-6.78268
9.93988e-05	15.7605
0.000104661	-2.92483
0.00013224	17.4103
0.000127184	14.2502
0.000134755	19.5509
0.000142186	14.873
3.79091e-05	-25.8992
4.43709e-05	-29.138
2.62185e-05	-21.6008
0.000112416	-24.5815
9.48097e-05	10.538
6.34315e-05	-8.04348
9.88649e-05	10.9415
9.58453e-05	17.5452
0.000119008	-29.8736
7.81815e-05	-14.2552
0.000101427	-15.2006
3.87243e-05	-18.2287
0.000282379	-58.3891
0.000202945	-72.0606
0.000209373	-45.8178
0.000169164	-30.8366
0.000142232	-50.065
0.000124189	-29.2121
0.000113056	-8.2786
0.000110334	5.53245
9.60367e-05	-6.12598
7.8188e-05	10.9636
0.000208717	-58.6118
0.000167233	-54.338
0.000159483	-67.0589
7.92366e-05	-3.81604
7.65475e-05	-12.0725
5.75765e-05	-20.5996
4.63831e-05	34.9999
0.000132794	35.6366
0.000116118	-0.640954
9.32434e-05	25.475
6.7593e-05	3.98854
0.000192877	-17.877
0.000162589	1.21159
2.22324e-07	23.854
2.81654e-05	15.3818
3.41642e-05	19.5191
3.3247e-05	32.9096
3.85743e-05	21.6359
5.92423e-05	51.2051
6.44489e-05	61.4836
7.30664e-05	14.9586
9.45483e-05	21.37
0.000107291	4.54021
0.000140941	35.0878
0.000176771	62.4243
0.000191706	47.1793
0.000232987	52.8112
0.000258059	7.91861
0.000273597	25.4174
2.75683e-05	63.0451
4.43442e-05	51.8008
4.53325e-05	69.9568
0.000197921	-26.6626
0.0001887	-16.8166
6.70695e-05	69.9045
9.25348e-05	91.5778
5.88036e-05	71.6487
0.000187719	9.92446
1.54265e-05	16.2577
3.78458e-05	57.3702
4.32445e-05	37.0861
4.68162e-05	43.0316
5.31566e-05	14.4574
5.36308e-05	45.7742
6.08034e-05	46.4975
7.68271e-05	20.7331
8.02173e-05	13.3949
8.14076e-05	4.97006
0.000121222	3.97538
0.000127406	28.8709
0.000139023	33.7545
0.000135445	23.297
0.000164078	46.9487
2.52484e-05	69.4235
4.48665e-05	11.2905
0.000186456	-47.0495
5.52475e-05	-13.9873
6.43961e-05	-8.0096
0.000109153	-9.42769
0.000110413	4.14654
8.55977e-05	36.0585
1.85193e-05	22.5795
4.41627e-05	37.7177
0.00021939	-59.4704
4.2221e-05	60.9802
4.13211e-05	15.6256
3.58154e-05	3.29999
0.000104436	-44.1313
0.000123481	-5.85377
0.000216325	-30.962
0.000212921	-41.8939
0.000138917	-37.0599
6.2532e-05	1.24381
0.000112598	28.2789
0.000129647	-16.8684
0.000103175	49.8337
7.32648e-05	-74.7661
2.00753e-05	45.6885
7.65172e-05	60.458
5.93442e-05	30.7174
1.90309e-05	56.7649
1.96909e-05	31.9544
3.76157e-05	51.5774
4.9395e-05	13.3411
0.000123955	54.3312
0.000143863	31.8024
0.000149917	37.2098
0.000173908	40.8382
0.000216269	54.7808
0.000231346	13.4372
0.000200674	-22.6292
0.000187462	60.7139
0.000198007	36.8889
7.48041e-05	96.6284
4.85859e-05	47.0147
5.50975e-05	34.3846
5.57766e-05	35.596
7.43694e-05	31.2538
7.27673e-05	63.9041
8.5375e-05	33.4722
8.5298e-05	23.003
0.000134004	2.55049
0.000154758	21.3964
0.000141761	13.8997
0.000163542	14.7714
0.000176069	16.2503
3.68816e-05	31.0705
4.33427e-05	57.0275
4.79579e-05	31.0905
0.000125961	-15.3187
0.00014711	-3.21907
0.000170562	0.176688
8.52702e-05	29.7609
2.72875e-05	61.8809
1.83731e-05	83.788
5.04005e-06	48.4214
3.756e-05	77.1811
0.000189628	-23.6125
0.000131395	-41.1876
9.68745e-05	29.1269
8.75061e-05	27.1181
0.000202204	-30.8447
9.28292e-05	-61.7713
0.000210603	-44.9431
0.000181554	1.90234
0.000138101	14.205
0.000130911	27.1446
0.000118471	38.9319
0.000115482	29.1934
9.58488e-05	29.7747
9.64771e-05	18.9386
2.50207e-05	69.0115
4.2646e-05	77.7877
6.77721e-05	81.5816
4.30377e-05	84.8431
5.65246e-05	71.533
1.04359e-05	52.209
9.1798e-06	53.249
3.64349e-05	45.1673
2.50178e-05	45.2626
3.64344e-05	56.8703
3.90409e-05	58.2374
4.80329e-05	40.8501
6.19913e-05	62.0854
0.000102414	57.304
0.000129843	64.9403
0.000161224	65.5001
0.00017479	63.6743
0.000225403	27.2982
4.95176e-05	90.5002
0.000129138	103.34
2.25529e-05	42.7929
4.58601e-05	35.8595
5.09454e-05	54.9687
6.3253e-05	12.4709
7.4372e-05	13.8649
0.000112036	35.6872
0.0001421	19.5511
0.000133522	6.34866
0.000169652	10.8094
0.000179583	-9.8188
0.000228404	10.4728
4.09262e-05	37.8905
8.05626e-05	6.62654
5.29845e-05	-4.70074
9.79277e-05	7.02687
0.000155185	-11.9896
0.000150992	-10.0282
9.08191e-05	25.7925
0.000200954	-44.4544
0.000202208	-36.2242
0.000113365	-44.3936
0.000109641	-20.0332
8.41628e-05	24.2399
4.92467e-05	7.89852
2.88253e-05	48.5848
4.68736e-05	6.52065
3.90097e-05	34.3603
4.87076e-05	12.6031
0.000271543	-60.8099
0.000117226	-49.9755
0.000257572	-65.7393
0.0002364	-35.9453
0.000153481	-30.3046
0.00011159	-28.1288
5.7487e-05	-14.1109
8.14681e-05	12.948
4.05068e-05	34.6378
5.70984e-05	37.228
7.43879e-05	50.9965
8.8775e-05	66.473
0.000147243	109.404
3.74699e-05	42.9026
0.000103419	67.0007
9.43923e-05	93.9395
0.000216399	17.6246
0.000222332	2.27493
7.29991e-05	71.4904
0.000225612	27.1931
0.000250866	44.4786
8.48238e-06	62.1719
3.31993e-05	57.7
6.0821e-05	9.37809
5.97565e-05	8.26466
7.81571e-05	-5.02491
9.86458e-05	-5.22616
0.000119972	13.12
0.000145114	10.3607
0.000146569	7.61772
0.000155441	6.88189
0.00018773	31.5591
0.000203292	39.8278
0.000204942	15.4383
0.000240817	14.3378
3.38512e-05	28.1509
2.53591e-05	42.3693
2.68131e-05	48.1858
9.16506e-05	5.65944
0.000172414	-16.8668
0.000158017	-14.1087
8.35069e-05	19.8603
0.000125659	21.6946
0.000127389	20.1241
0.000183603	23.7742
0.000196243	-50.9594
0.000182234	-37.9639
0.000174616	-8.75801
6.51636e-05	37.5888
5.13391e-05	35.7116
0.00018506	-56.2891
0.00010371	-48.2166
9.58632e-05	10.9987
0.000102093	-2.13795
9.89073e-05	-5.50032
9.58453e-05	2.54833
2.53706e-05	45.2281
7.86693e-05	64.3709
3.831e-05	35.3205
6.47694e-05	91.2118
9.58126e-05	79.2566
0.000115444	72.9008
7.18677e-06	28.1148
1.65518e-05	30.7134
2.2748e-05	39.618
3.06521e-05	28.8322
4.52113e-05	14.706
5.54e-05	22.8418
6.0681e-05	29.2482
6.78921e-05	38.1395
0.000119792	38.5486
0.000160834	91.7722
0.000262692	-2.49938
3.69205e-05	53.7764
4.54433e-05	39.328
5.10609e-05	31.0377
7.6467e-05	12.8609
7.06848e-05	28.3776
7.44253e-05	37.2075
6.1583e-05	18.4233
0.000105442	61.0469
0.000216399	-9.18022
0.000214671	-7.87723
9.12311e-05	71.5017
1.60513e-05	57.4232
1.99283e-05	61.3594
4.05406e-05	39.4417
4.22395e-05	33.6537
5.44311e-05	36.4374
6.66435e-05	21.627
7.66748e-05	16.6398
8.37594e-05	27.8928
8.25159e-05	25.3014
9.08416e-05	25.6559
9.50698e-05	5.90714
0.0001035	20.1979
0.00011244	9.77296
0.000160608	9.48036
0.000174631	5.1922
0.000174672	36.6938
0.000184625	57.9791
2.63133e-05	42.1358
4.84517e-05	36.0408
0.000181334	-11.8578
0.000152513	0.302161
0.000144309	2.93983
0.000117273	6.41605
0.000130165	5.69304
7.04821e-05	21.1185
5.89293e-05	16.7957
8.84433e-05	5.15344
0.000184479	4.31814
8.77487e-05	19.352
7.48568e-05	28.9563
5.36355e-05	64.2637
5.57967e-05	57.1251
4.53869e-05	59.4798
0.000225844	-1.89057
0.000174633	-32.5068
0.000162655	-4.05707
0.000168836	-44.2576
0.000164138	-43.2093
0.000155497	-14.111
0.000131874	25.5389
7.95966e-05	63.715
2.96712e-05	28.751
5.09482e-05	53.6867
0.000279171	-3.58466
8.84433e-05	2.72767
5.66131e-05	81.6647
7.59846e-05	11.3921
8.51398e-05	-0.0989915
7.9283e-05	-6.64469
1.77282e-05	38.4007
9.12026e-06	48.2881
0.000151029	-20.8549
0.000136034	28.9193
0.000113405	-1.53366
0.000109016	-22.0848
0.000111853	-8.74999
0.000103368	14.8957
0.000102058	1.11251
8.0249e-05	34.2354
8.57405e-05	17.3427
9.45729e-05	32.0118
9.36007e-05	11.9401
8.74378e-05	26.3172
8.64259e-05	21.5735
0.000103779	33.3799
9.88775e-05	16.0587
9.94253e-05	46.4819
0.00010371	30.3425
0.000112028	34.2747
7.82647e-06	24.6823
2.30942e-05	12.5385
4.49924e-05	-6.83054
3.87429e-05	-4.06049
5.38326e-05	-5.16275
7.0446e-05	-15.985
6.97428e-05	-7.61672
7.96174e-05	-16.7912
4.64506e-05	23.9771
3.86765e-05	6.85373
3.87679e-05	38.8208
5.68505e-05	-14.963
8.92697e-05	41.4664
0.000279901	-37.7573
6.43984e-05	39.6774
0.000282436	-42.0381
6.3906e-05	10.9018
5.83911e-05	3.15266
2.40566e-05	9.47836
5.13745e-05	22.1163
5.72035e-05	-15.6506
7.47714e-05	13.0524
7.12547e-05	16.4385
9.49642e-05	21.4911
0.00010081	24.7993
0.00012553	17.575
0.000124196	25.1638
0.000155467	27.4982
0.000228349	14.3628
0.000291917	65.5316
4.75867e-05	5.18839
0.000168239	-23.1162
7.63479e-05	-9.68707
0.00011556	-12.1203
0.000156522	-22.2154
0.00018822	28.7014
0.000248631	12.8843
8.86238e-05	-3.73512
9.28491e-05	2.66012
0.000165943	-10.5905
7.23246e-05	7.87311
2.08812e-05	25.22
0.000176553	-32.2813
0.000175096	3.81552
0.000154996	-10.883
0.000163209	-50.4263
0.00012753	-29.0898
0.000118015	-9.67922
9.74331e-05	16.0062
9.75929e-05	6.19349
6.83838e-05	14.4204
5.1939e-05	6.82318
4.21903e-05	-6.67635
0.000118995	11.106
0.000102085	11.9166
0.000209417	-6.00625
9.39701e-05	7.80449
7.25749e-05	1.97322
0.000152061	-57.0598
0.00016045	-45.2054
8.91102e-05	-8.16651
3.83218e-06	47.3981
4.86154e-05	27.1151
4.1108e-05	26.6559
3.21835e-05	32.1995
0.000198406	-57.5155
0.000176218	-2.38966
0.000168412	-47.46
0.000164075	-8.94018
0.000143744	-26.0866
0.000123093	-5.59058
0.000137001	2.11739
9.90305e-05	-17.9577
0.00010397	11.0436
9.81355e-05	17.1842
8.71479e-05	5.43097
8.81784e-05	-9.14163
8.34318e-05	-0.0319173
7.38245e-05	-1.28425
6.17327e-05	22.1965
2.40024e-05	22.728
8.83208e-05	17.4378
0.000148591	20.7577
6.77282e-05	25.0113
8.14162e-05	19.269
9.79179e-05	18.3615
5.54924e-05	26.4458
0.000103245	31.7133
9.76656e-05	-3.82183
7.61415e-05	7.8405
2.35645e-05	-21.7605
5.18636e-05	12.443
6.09005e-05	-8.42067
6.4888e-05	-4.87689
6.81084e-05	0.0912963
6.75244e-05	-18.9936
7.83454e-05	-24.8236
0.000137035	39.7637
0.000177329	33.8889
0.000186067	51.0799
0.000181622	40.2638
3.01892e-05	25.3806
3.07224e-05	2.65614
4.73323e-05	49.871
9.44448e-05	5.62947
0.000134276	17.7221
0.000168244	65.9386
0.000180524	55.3013
0.000217021	26.6149
2.58785e-05	21.309
0.000173749	-15.189
0.000119961	-38.9064
6.07606e-05	-15.5109
0.000114566	-34.9811
0.000153567	-23.0732
0.00015514	-19.2314
0.000147844	-6.96097
9.91941e-05	-30.5218
0.000133265	3.1998
0.00022956	35.3055
0.000198818	7.11888
8.48686e-05	6.96702
5.59104e-05	-12.72
0.000199413	8.4603
0.000189423	-8.10882
0.000156475	-5.35478
0.000154314	-16.7627
0.00014922	-6.69166
0.000147061	-12.4913
0.000123278	-30.0738
7.56039e-05	25.168
7.06198e-05	-11.3472
6.47589e-05	6.61214
0.000131023	-6.47565
0.000278831	-7.16358
0.000108089	-11.1624
0.000159463	-10.1267
2.57879e-05	-26.1664
4.15759e-06	-11.7909
4.1491e-05	-63.6259
0.000154662	-16.6603
0.00015065	-35.187
0.000139311	-27.4354
0.000131477	-33.4691
0.000125443	-32.3619
0.000127183	-47.4463
9.80322e-05	-56.5719
0.000104249	-69.4369
6.98029e-05	-45.1412
6.4129e-05	-60.8897
5.7935e-05	-47.7449
4.33803e-05	-39.9172
3.67364e-05	-25.6638
7.14329e-05	-25.8386
0.000124501	-13.3499
0.000147763	-2.16801
0.000124544	-10.8011
0.00017227	-7.82215
0.000169445	-8.97668
0.000142829	32.9661
0.000125318	24.9868
0.000102849	-27.5896
0.000100513	-11.8626
9.0147e-05	-10.3483
5.39804e-06	51.4326
3.80284e-05	6.40442
5.19452e-05	11.23
5.68779e-05	43.2311
6.36044e-05	-0.0713933
6.7734e-05	-23.0346
9.18058e-05	-27.7987
0.000104162	-21.9196
0.00020657	75.1964
0.000165146	-8.74672
7.00154e-05	-37.1146
3.2362e-05	8.17839
0.000140658	54.261
0.000133535	-26.184
0.000121964	-26.5009
0.000145403	-11.3892
0.000200171	32.0053
0.000277628	52.1017
0.00017889	-17.6967
8.98632e-05	30.5229
7.14444e-05	11.7069
0.000159538	-14.8966
0.000168799	-10.9194
0.000156339	7.0362
0.000118858	34.0278
0.000177359	50.019
8.78048e-05	-19.6334
1.76035e-05	-6.69646
0.000210603	-4.24633
0.000174983	-61.2753
0.000171498	8.70725
0.00013208	9.02595
3.76678e-05	35.631
0.000236764	-11.7583
0.00011505	8.49199
5.75354e-05	20.2797
0.000257548	26.8313
0.000295038	19.8308
9.33973e-05	12.9684
0.000116989	-3.90606
2.06585e-05	17.8478
4.15302e-05	-38.6617
0.000191576	-46.8071
0.000184625	-23.4976
0.00016645	-59.3996
0.000164086	-39.1883
0.000164105	13.0402
0.000158016	-41.7737
0.00013931	-7.64388
0.000126382	-46.379
0.000128127	-48.1566
0.000113225	-10.1835
8.38193e-05	-81.0872
7.28486e-05	-38.9715
6.35929e-05	-32.6491
5.91651e-05	-31.4593
4.10672e-05	11.2061
0.00010972	-13.2352
0.000142722	-8.41149
6.13172e-05	-68.9132
6.9462e-05	-31.7582
1.61194e-05	47.0456
2.66768e-05	35.6019
4.5388e-05	46.9896
6.50562e-05	-16.6355
8.55977e-05	27.9727
9.1001e-05	28.7372
9.43373e-05	16.9869
0.000104379	34.0339
0.000113189	25.5846
0.000130071	27.1464
0.000120502	24.8298
0.000122705	12.7641
0.000124543	32.2667
0.000133159	33.8683
0.000167357	56.1476
0.000157269	57.6114
0.000159541	52.0648
0.000202544	44.0577
0.000193947	20.0837
3.41091e-05	-21.8924
5.03777e-05	-13.97
0.000107414	-71.518
0.000186998	-12.2727
7.20703e-05	1.6051
1.79426e-05	49.2173
2.72914e-05	50.2931
3.03622e-05	47.6048
4.01146e-05	57.5758
3.98602e-05	61.8825
4.78733e-05	47.012
5.14834e-05	57.1297
8.71442e-05	36.338
7.16358e-05	25.186
7.72224e-05	47.077
0.000105343	34.395
0.000117461	44.3942
0.000120422	56.7315
0.000131613	49.3421
0.000136506	57.3489
0.000148561	55.6925
0.000141521	42.4276
0.000183209	24.5558
0.000187483	25.1033
0.000263335	43.0753
0.00010203	8.31297
0.000114898	25.0549
0.000127473	21.6319
6.86423e-05	35.15
0.000101831	37.723
0.000143544	33.404
0.000114448	4.73633
0.000263721	-11.1756
0.000257175	6.73794
0.000185683	17.2989
0.000162479	35.7303
0.000278972	-14.4592
0.000212993	-16.9411
0.000179633	-46.1464
0.000188727	4.24316
0.000175861	8.47556
0.000124108	-85.5407
0.000119471	-58.7455
0.000118133	-72.5868
0.000108156	-66.1526
9.12285e-05	-57.3097
9.43373e-05	-52.4347
7.46583e-05	11.8982
0.000158084	15.2373
0.000160818	18.2462
0.000132162	-25.1307
0.00012334	-39.2278
0.000135149	-13.9552
0.00013017	7.0143
0.000106983	-31.1061
0.000130213	-8.71799
3.06927e-05	8.75365
1.30694e-05	53.8012
4.77998e-05	-1.61911
3.40249e-05	12.8218
0.000199424	-8.21488
0.000118288	-46.0012
0.000102622	-4.80709
9.63645e-05	-45.5991
8.54642e-05	-22.4261
2.18581e-05	48.4266
6.25316e-05	17.211
0.000122712	55.338
0.000125961	30.7896
0.000136616	55.1537
0.000156444	46.7572
0.000152521	36.6312
0.000148755	3.30726
0.00015742	13.5864
0.000174848	35.8429
0.000211872	49.5129
0.00024004	41.3791
8.69473e-05	46.1649
8.07653e-05	40.699
1.45962e-05	20.6416
3.55685e-05	31.8511
2.40942e-05	27.2399
3.47906e-05	25.3388
3.42325e-05	19.4657
4.29923e-05	-4.95327
9.89424e-05	28.6654
0.000106956	11.7934
0.000142202	32.8381
0.00013333	29.3986
0.000152398	22.4102
0.000164128	39.358
0.000179137	26.2851
4.70419e-05	1.39496
9.05062e-05	39.8476
6.79007e-05	48.1195
0.000234553	0.856241
0.000220401	-0.737518
8.79528e-05	55.296
0.000127792	23.9535
6.18533e-05	28.8282
0.000195045	23.9165
0.000162639	47.5855
0.00011907	30.7645
0.000215021	57.3418
0.000117477	25.626
9.25252e-05	48.0027
0.000182022	56.9082
0.000116681	35.751
0.00010611	31.9183
6.66559e-05	21.4691
0.000120032	44.9283
0.000115898	51.0144
7.77248e-05	56.2124
0.000237672	36.1945
4.00227e-05	17.2333
5.24755e-05	4.52531
5.83374e-05	-12.9658
0.000166261	-15.278
0.000117451	-6.11384
0.000116127	-18.3038
0.00010994	-27.2597
9.41115e-05	-32.0131
0.000106983	-17.1565
6.11255e-05	7.41188
7.10696e-05	-23.0011
7.35759e-05	-3.53912
6.59403e-05	27.5749
2.91515e-05	39.4183
4.15261e-05	28.1327
0.000242779	9.21808
8.79265e-05	5.2785
0.000101346	-3.57744
5.85669e-05	35.905
6.5691e-05	38.749
5.03563e-05	-14.0967
4.33168e-05	11.7356
4.30153e-05	-1.96256
4.02653e-05	11.1441
3.70139e-05	6.70009
0.000126404	-9.72047
9.02529e-05	-5.2761
0.000116978	16.273
0.00010325	5.76908
8.78413e-05	-2.47944
9.34017e-05	2.26864
8.79368e-05	9.56112
8.60401e-05	33.0162
6.92155e-05	-7.35196
6.61763e-05	4.21033
6.02441e-05	6.00849
5.45111e-05	-7.76578
8.21696e-05	-1.01864
0.000106611	-15.313
8.46391e-05	53.2169
0.000123136	23.0502
0.000128017	-11.0113
4.05342e-06	0.346773
3.55851e-05	10.1208
5.67232e-05	22.0167
9.27974e-05	81.5055
9.58454e-05	103.529
0.00012296	63.7238
0.000136523	16.5862
0.000148219	26.2176
0.000144276	52.2914
0.000155927	41.8349
0.000183569	31.8485
0.000207772	17.91
0.00023605	3.06229
0.000259389	39.2878
5.10402e-05	-19.753
4.04361e-05	-19.5369
0.000114851	47.6698
0.000121926	53.7891
5.38514e-05	8.77347
1.56246e-05	5.03402
2.6248e-05	8.99983
2.74292e-05	4.33768
3.46663e-05	-5.46689
4.9833e-05	-2.55515
0.000155796	24.7795
0.000190487	23.7151
0.000195568	29.6359
4.2381e-05	3.66897
3.17514e-05	-36.792
0.000155984	22.4099
0.000128897	5.39414
6.54897e-05	-1.24664
0.000178477	17.787
0.000105347	6.96932
0.000242629	8.81999
0.000235419	1.87246
0.000214195	23.7691
0.000143663	20.8321
0.000113991	6.18167
0.000168743	11.8262
0.000173608	6.44071
0.000168741	12.9355
0.000159533	4.09389
0.000271978	20.8939
0.000198511	-2.35188
6.26999e-05	-29.0517
3.43317e-05	-24.9679
0.00014358	24.6925
0.000125164	-19.0824
0.000113246	-36.7236
0.000111995	-40.0015
0.00010043	-40.2738
0.000103704	-18.2016
0.000105328	-19.1879
9.35599e-05	-48.3623
3.10961e-05	-0.545108
3.66103e-05	-7.46795
0.000124543	1.05188
4.79422e-05	-40.1838
3.89005e-05	-30.3379
0.000155368	-24.5524
0.000142925	-9.85383
0.000141076	-25.8272
0.00014163	-33.1229
0.000120851	7.36692
9.47565e-05	-28.7014
7.53121e-05	-34.9657
6.7445e-05	-39.9394
6.26489e-05	-22.5686
6.0281e-05	-31.1173
5.00114e-05	-5.5236
6.08212e-05	-18.6008
6.55858e-05	10.3375
2.37277e-05	14.6899
6.0489e-05	19.0247
5.71918e-05	-32.9647
6.69001e-05	-27.4103
6.37019e-05	-26.1653
8.30926e-05	12.6987
9.71194e-05	-2.56199
9.75795e-05	-11.4713
0.000124571	20.0113
0.000116277	33.7682
0.00012835	9.14599
0.000170189	25.4885
1.83557e-05	-36.185
2.96966e-05	9.33382
5.59014e-05	-16.6727
0.000130583	44.8555
9.00761e-05	13.4692
7.87341e-05	-12.8055
8.38521e-05	26.1906
9.73122e-05	39.5591
4.45224e-05	-29.4336
8.36896e-05	-10.0982
0.000110898	-9.11341
0.000113871	-13.6671
0.000189314	12.6306
0.000124981	-5.23527
9.42631e-05	-10.487
0.000158068	5.38085
8.18496e-05	-10.2974
0.00011659	-11.58
0.000137843	-13.4103
0.000179545	18.3508
0.00016119	-4.24984
0.000200975	-1.93254
2.77497e-05	-24.2041
2.41896e-05	-39.9152
1.71679e-05	-27.4323
4.81901e-05	-11.9873
3.26985e-05	-19.7639
2.58841e-05	-30.4493
0.000164015	9.93484
0.000139774	-15.571
0.00012312	-34.7779
9.21822e-05	-3.27845
0.000105296	6.79328
9.34688e-05	-23.9413
0.000103453	-4.29937
9.39839e-05	-19.202
8.34442e-05	-40.5132
6.87812e-05	-21.4002
7.00488e-05	-4.8386
0.000113069	-12.6619
9.24885e-05	8.82928
8.33993e-05	7.93835
8.2367e-05	-1.37211
0.000124172	-4.27434
0.000111394	-3.39459
0.000157718	-0.480504
0.000176069	11.6608
0.000165667	7.43859
3.09416e-05	-2.68168
0.000111152	-10.8339
9.41127e-05	-15.6067
9.23362e-05	-32.0957
5.82917e-05	-33.7387
0.000112585	-26.1752
5.72832e-05	-33.9082
9.00907e-05	8.53199
9.86415e-05	43.5493
9.08648e-05	-7.51784
1.80261e-05	1.66487
2.07308e-05	32.814
2.85897e-05	-5.37166
2.84471e-05	16.7352
5.85968e-05	13.9017
3.57965e-05	44.1971
4.5055e-05	-22.4213
7.73566e-05	-15.7245
8.27895e-05	30.8753
0.000106636	24.4006
0.000124267	22.8416
0.000130032	-1.64063
0.000132836	23.336
0.000140827	9.03912
0.000178531	3.08923
0.000188727	0.588295
0.000204994	21.5176
2.69755e-05	-59.7788
3.83062e-05	-53.6267
0.000130824	11.8822
0.000136608	16.982
8.80286e-06	-28.7864
6.96021e-06	-25.1729
1.21197e-05	-26.6583
4.36088e-05	-0.088333
3.69113e-05	-25.1162
5.77498e-05	23.5287
6.31639e-05	27.4014
7.48057e-05	31.7818
9.27703e-05	3.91223
0.000107558	16.2761
0.000123529	4.22704
0.000169224	24.3429
0.000142432	16.1533
0.000224372	34.5312
0.000231512	35.1463
0.000108583	-31.2159
0.000188949	12.6201
6.62168e-05	-3.31391
0.000160429	1.8599
2.60675e-05	-26.396
2.24388e-05	-26.246
1.85862e-05	-28.7746
1.424e-05	-28.2524
4.65739e-05	-32.5598
4.36556e-05	-29.6434
0.000110618	-12.048
0.000100751	-53.6377
9.89327e-05	-1.10199
9.581e-05	8.58684
7.35629e-05	-23.3978
7.13206e-05	-7.703
6.14046e-05	-28.2314
6.47351e-05	-8.14265
8.91486e-05	2.50163
9.20954e-05	-7.92139
0.000130179	4.61895
2.87768e-05	-32.7801
4.28404e-05	-38.9909
4.24864e-05	-10.4676
0.000193988	-1.30551
0.000144293	5.94317
0.000136096	2.15704
0.000126404	-1.27166
0.000114278	-16.5328
7.32233e-05	-20.1515
6.63639e-05	-28.5088
9.99216e-05	-9.30269
0.000109958	-19.7305
7.66635e-05	-44.2593
4.8069e-05	18.9786
4.20644e-05	9.04263
5.11293e-05	-67.7059
7.05427e-05	14.1977
0.000156344	-37.6496
0.000170408	-16.0575
4.73482e-05	-18.9181
4.6924e-05	0.826294
4.89286e-05	-46.8549
7.86895e-05	-48.4881
0.000175818	41.6723
2.97375e-05	0.44673
3.62513e-05	-6.34519
5.22481e-05	0.0465516
8.03705e-05	-11.6553
8.41659e-05	12.3586
9.56131e-05	-22.3517
9.38169e-05	-18.811
0.000107846	1.75222
0.000133827	-48.086
4.63891e-05	-4.08432
6.7385e-05	-22.1322
4.55107e-05	-27.4372
3.89407e-05	2.46254
0.000111034	-42.2611
9.42948e-05	-49.2981
0.000177553	-27.3329
0.000110807	-30.0289
8.47581e-05	-42.5227
9.65109e-05	-39.4799
0.000200354	0.966423
0.000167882	-32.4737
1.42673e-05	-32.0798
1.05409e-05	-25.8869
8.76863e-06	-26.7651
6.02367e-05	-7.32036
5.0099e-05	0.703802
3.25049e-05	18.78
3.28281e-05	-29.7772
3.02438e-05	-17.0738
0.000146604	-43.9362
0.000149034	-60.0719
0.000103169	-41.8309
7.19032e-05	-10.9121
5.75029e-05	0.6044
5.38536e-05	-4.76551
9.47537e-05	-0.820372
7.17265e-05	6.58522
6.34576e-05	-0.564414
8.66391e-05	-4.63768
0.000168009	-4.97879
0.000139566	-46.3634
7.68483e-05	5.24875
4.75072e-05	-39.821
3.27268e-05	-18.8713
5.28389e-05	11.003
6.6808e-05	-45.7811
0.000185972	8.79777
5.9399e-05	40.0502
6.3906e-05	25.2874
0.000102927	27.9706
0.000214825	28.6356
3.20891e-05	-11.5567
0.000106273	-30.8106
6.4067e-05	0.369845
1.73664e-05	-16.5854
8.81554e-05	7.20331
9.35833e-05	23.16
9.71225e-05	6.44852
9.97228e-05	15.4142
0.000116717	11.2958
0.000111796	18.9769
0.00014042	-6.99857
0.000134004	35.6376
0.000207334	-1.74863
4.12047e-05	3.9299
0.000140546	-32.4337
5.68852e-05	-2.79428
7.90588e-05	2.31885
0.000119012	6.02912
0.000115457	-0.467764
0.000115191	3.72593
0.000131695	-17.2158
0.000202778	-33.2748
0.000184624	-19.2773
0.00022631	8.56519
0.000222331	7.12363
1.55938e-05	33.8742
4.99224e-05	-0.28031
4.91192e-05	1.14255
4.33342e-05	7.19573
3.32805e-05	-29.235
0.000122068	-33.7405
9.02821e-05	-30.0423
7.56265e-05	27.1896
6.16279e-05	-12.7939
5.03302e-05	0.454349
4.09412e-05	-18.1042
4.29141e-05	-14.6174
0.000107118	-22.4659
2.84136e-05	6.98494
8.72696e-05	-23.1074
2.7996e-05	-20.6945
0.000116355	28.4218
0.00012349	15.338
0.00012791	-8.64672
3.92979e-05	26.956
4.15915e-05	29.6994
4.30549e-05	35.7661
6.23888e-05	13.3797
7.60682e-05	5.3607
0.000110898	43.2857
0.000114795	31.7582
0.000122064	60.9053
0.00013505	33.7872
0.000155998	55.6874
0.000223574	40.4475
0.000248908	58.5956
0.000252552	76.4523
0.000256391	62.863
4.8247e-05	32.7785
0.000193854	47.701
0.000106032	-8.37053
7.14999e-05	-8.64941
8.30926e-05	0.34189
0.000104034	0.217715
9.74251e-05	0.836311
5.72161e-05	6.65388
9.46078e-05	19.2086
2.48412e-05	45.0883
3.0833e-05	37.2804
4.18038e-05	34.6385
6.50668e-05	24.8796
9.74985e-05	14.4926
0.000130196	-35.0578
3.95991e-05	9.2905
2.20068e-05	21.9271
0.000177517	-22.3519
6.04163e-05	12.7655
0.000180481	-36.1474
7.08887e-05	42.4375
5.90031e-05	30.5512
0.000231512	-5.42382
2.26386e-05	3.03972
2.00355e-05	1.62302
1.46364e-05	23.6502
3.86751e-05	-4.76696
0.000229994	-68.2679
0.000153931	-27.9441
0.000149467	-24.8792
0.000118876	-23.6643
0.000104169	44.2285
8.41628e-05	11.0587
8.07058e-05	-11.0654
6.95201e-05	8.45709
3.58032e-05	0.265106
0.000108153	-11.5867
8.01856e-05	19.6232
7.39109e-05	4.25858
2.56774e-05	38.971
5.01875e-05	26.0411
3.42093e-05	37.719
7.43714e-05	10.9825
7.35171e-05	-4.45132
6.58598e-05	16.7377
5.54467e-06	24.8322
2.52896e-05	27.1025
1.67365e-05	31.1615
2.0407e-05	24.8339
4.32347e-05	32.0439
4.69183e-05	27.318
5.82911e-05	27.5836
6.34776e-05	33.5947
9.4305e-05	31.3102
9.92238e-05	50.7886
0.000120898	36.2226
0.000148652	52.1638
0.000169682	62.7995
0.000171994	64.8222
0.000210637	41.5447
2.97401e-05	27.2384
3.71382e-05	52.2434
8.33658e-05	2.88246
0.000120429	37.7674
0.000118899	38.9185
7.7862e-05	5.49201
4.57505e-05	-7.77315
6.16369e-05	-32.4869
7.26945e-05	-12.452
0.000101787	17.5544
0.00010695	11.2969
0.000121629	-9.40015
0.000150647	1.84985
0.000286931	55.3982
6.22817e-05	3.68348
3.54811e-05	7.34163
2.96098e-05	22.6869
5.57839e-05	11.6978
0.000247304	-73.2092
6.56243e-05	-11.1649
5.84683e-05	-1.78835
0.000130179	24.3712
0.000223565	-5.10998
1.50808e-05	-5.49594
1.5428e-05	-3.3075
3.55097e-06	18.0767
4.72085e-05	6.63397
0.000170966	-47.9884
0.000125485	-35.0944
0.000112958	19.6195
9.89571e-05	19.9692
9.7389e-05	27.3314
8.47936e-05	-12.979
6.23716e-05	53.5322
0.000281006	31.3327
0.000267945	39.8421
0.000138836	-12.64
0.000116717	0.873932
5.99752e-05	9.28098
0.000103063	31.3469
7.0679e-05	-1.4843
5.53761e-05	-8.84129
4.29709e-05	-13.6651
9.7672e-05	-17.5969
6.2155e-05	-3.29066
5.20812e-05	2.68645
0.000102093	-19.3657
0.000105247	-10.8549
0.000154998	1.77793
7.6473e-05	22.8149
1.07247e-05	-6.60455
2.13975e-05	9.60237
1.45795e-05	3.59739
3.2359e-05	30.5898
4.77891e-05	8.7491
6.08293e-05	4.44258
0.00010287	12.5454
0.000126568	35.3399
0.000202344	58.7371
0.000176877	52.6836
3.39105e-05	35.8555
3.13779e-05	34.9435
5.00507e-05	20.3134
5.20272e-05	41.4104
0.000115961	-12.8217
0.000129609	-27.7289
0.000101322	8.97511
0.000129879	-6.89281
0.000140506	-7.54197
0.000113415	-9.99145
9.7389e-05	50.5591
0.000122054	3.26263
9.69779e-05	45.3383
5.45778e-05	30.0203
0.000144841	60.9485
2.80384e-05	34.1645
7.1428e-05	-43.1201
8.0102e-05	-16.5745
8.05072e-05	-28.9216
0.000117116	-2.19806
0.000131636	36.885
0.000133477	10.9166
0.000134065	-23.1578
0.000144809	-26.8347
0.000175046	-43.3271
5.34789e-05	39.6748
0.000104705	9.57958
0.000107827	27.626
0.000186951	22.0351
0.00018189	37.3828
6.63989e-05	34.7661
2.68974e-05	-7.33156
0.000144755	-31.1282
0.000121284	24.7445
0.000110837	9.614
5.73587e-05	-21.5794
3.05219e-05	9.3109
4.74268e-05	19.6226
0.000171241	1.05062
0.000107405	-39.915
0.000110557	-7.87664
9.67749e-05	-26.3579
8.44211e-05	7.78746
6.4002e-05	4.90439
5.79731e-05	5.57297
0.000101734	-29.3381
0.000119156	-27.3279
5.97291e-05	32.0702
0.000143388	-22.244
0.000137277	-24.1975
0.000199453	9.067
7.50067e-06	-20.7241
2.0859e-05	-25.4243
3.95449e-05	-31.6042
0.000123931	-14.3347
7.60145e-05	12.2043
2.19071e-05	-18.9284
2.7124e-05	-5.47481
3.3722e-05	-9.51637
0.00015139	-30.4334
0.000125303	42.5253
0.000151031	-13.8176
0.000159458	-18.7283
1.87274e-05	15.5929
9.40556e-06	3.58887
2.48098e-05	7.91556
6.34746e-06	-5.58988
3.63775e-05	-15.3058
3.47677e-05	-26.1416
5.01984e-05	-24.7648
6.10814e-05	-20.3059
5.50714e-05	-27.683
7.48312e-05	-23.0145
8.69741e-05	-11.1662
0.000107267	2.96515
0.000107601	1.95124
0.000118495	2.59611
0.000131281	-32.2887
8.11132e-05	15.0753
0.000161503	7.931
9.82249e-05	11.854
0.000200248	30.047
0.000206862	36.5053
0.00019634	29.6842
3.05959e-05	44.6916
2.16448e-05	-24.5678
0.000138721	20.4148
0.000120068	36.0978
9.43644e-05	46.9818
7.49579e-05	-29.4908
3.9505e-05	45.7952
0.000116681	24.8959
1.48498e-05	-28.4701
5.21393e-05	-32.7557
3.86361e-05	-21.6536
0.000154425	-12.8129
0.000130243	-21.3396
0.000116682	-14.9344
0.000121007	-14.0506
0.000111418	-7.0925
9.2744e-05	-5.28152
4.03387e-05	-17.2305
0.000136969	14.9652
5.89203e-05	-2.53165
6.98268e-05	-1.83824
0.00013517	-11.106
5.68081e-05	-1.18682
7.11882e-05	5.38655
6.13396e-06	20.0414
1.3866e-05	10.039
2.31181e-06	29.3276
2.9384e-05	6.22059
5.80107e-05	46.9671
0.000108639	41.9434
0.000155029	51.7127
3.67649e-05	-3.74295
4.79041e-05	-0.17159
0.000121297	13.1893
7.27194e-05	26.8879
0.000119048	-0.668987
7.39018e-05	33.5493
0.000153188	25.7367
9.28292e-05	42.489
0.000101312	26.3556
0.000120866	26.9113
0.000155027	57.0945
1.85925e-05	21.1879
1.2819e-05	10.8607
2.63245e-05	13.7823
5.15523e-05	30.0271
0.000120391	-14.3519
0.000194461	38.7576
3.64084e-05	-6.20251
3.30874e-05	7.18402
0.000142074	27.1494
9.2628e-05	-0.629301
0.000134671	4.16294
6.41292e-05	-4.19863
0.000295038	35.115
4.60835e-05	33.1584
8.98136e-05	-15.0425
0.000164128	1.13976
3.49144e-05	-15.952
0.000150595	-9.18435
0.000116206	12.0388
8.76079e-05	16.6031
7.76854e-05	-2.95314
7.35184e-05	5.50718
5.42921e-05	-40.5263
2.96137e-05	-23.036
4.04042e-05	-19.607
0.000145162	3.41972
7.22241e-05	-14.4588
0.000128818	-3.55896
1.52609e-05	33.4893
4.63501e-05	63.7625
6.70541e-05	25.5023
7.35937e-05	31.1226
9.01847e-05	15.3041
8.87107e-05	31.2421
0.000114276	14.1157
9.40047e-05	-17.5659
0.000115498	14.6688
0.000126033	0.931787
0.00014157	56.8549
0.000168728	1.86517
0.000218255	9.31115
0.000262758	15.084
0.000225424	10.3594
0.000142186	71.0509
7.33531e-05	40.8506
1.52685e-05	13.546
2.73179e-05	26.4878
4.65325e-05	26.8993
5.35756e-05	30.2783
6.0552e-05	19.6743
7.25251e-05	24.9491
0.000142146	-4.83436
0.000128923	-6.49128
0.000142195	39.1208
0.000159471	40.6747
3.11559e-05	32.5658
0.000147815	-3.65328
0.000115459	8.12081
0.000108665	6.22478
0.00011901	17.8341
0.000112028	8.46424
0.000122684	7.40351
0.000115498	7.64035
4.21012e-05	16.0473
3.76184e-05	73.3732
0.000175908	12.743
0.000180211	-13.4237
0.000156522	26.5249
0.000143136	11.3846
0.000132152	30.4203
0.000133695	60.7257
0.000159033	38.6048
7.30018e-05	45.5655
7.19066e-05	26.8775
0.000137716	26.0362
0.000171434	9.03709
0.000137542	-6.63349
0.000155027	26.3803
0.000120866	9.53187
7.06068e-05	23.212
6.82544e-05	59.1819
8.32545e-05	21.5728
8.68765e-05	58.6447
0.000111598	4.24225
0.000125417	-10.1346
0.000116206	-1.22337
0.000143555	30.5425
0.000150647	22.775
0.000180412	55.4367
0.000201656	64.3633
0.000217219	41.2221
0.000133166	42.6356
0.000156689	65.8282
0.000180111	26.0974
0.000249253	21.6833
0.000148507	62.2617
0.000157632	70.23
0.00026172	24.1355
0.000123495	23.3892
7.38335e-05	48.2267
0.000102118	23.3059
4.40459e-05	97.2825
0.000154735	49.4224
3.50828e-05	46.4854
5.95432e-05	60.0467
0.000133627	-1.98397
0.000144018	1.55976
0.000174344	13.1914
0.000149467	-9.04563
0.000107087	6.5337
6.098e-05	37.0228
0.000123923	-10.1354
0.000123074	-0.973162
0.00011662	7.22153
2.53849e-05	78.7643
3.52239e-05	63.6159
7.1797e-05	74.4481
5.76493e-05	70.0836
5.10603e-05	71.1035
0.000227	-73.9971
0.000223351	-38.4744
3.74437e-05	56.2752
3.91602e-05	58.1232
0.000135123	2.05769
0.000108406	-6.20178
9.99519e-05	17.6759
0.000112741	1.71212
0.000107502	9.43004
0.00015248	13.6225
1.93371e-05	24.8798
3.09198e-05	13.4553
4.30977e-05	70.8354
6.10929e-05	-5.01748
6.85307e-05	4.16902
6.3906e-05	-5.57801
8.51187e-05	-12.9744
7.80437e-05	36.983
8.39429e-05	30.8322
8.97999e-05	36.5238
9.29573e-05	5.35234
9.35833e-05	7.23763
0.000107876	12.4295
0.000141922	-3.35785
0.000146422	-3.45762
0.000153515	2.79043
0.000169173	2.77533
3.11273e-05	24.777
6.93111e-05	4.98902
8.35429e-05	-13.9497
0.00012936	10.8115
0.00016254	18.6388
0.000167619	40.2469
0.000162917	20.6672
0.000197431	60.9316
0.000142214	8.29231
5.92603e-05	10.9763
2.57881e-05	88.2251
4.18999e-05	88.7006
5.00959e-05	102.295
0.000108385	86.1221
0.000105353	40.7947
0.000175738	-41.4596
0.000177611	35.4936
4.64679e-05	124.943
0.000204367	-28.7666
0.000106884	32.1684
0.000155792	-1.39682
4.32566e-05	10.5185
8.2571e-05	31.1112
2.0547e-05	11.0186
4.69441e-05	-2.54196
0.000201366	-61.0476
0.00012849	-27.2875
0.000100064	-49.8642
8.2923e-05	-48.4157
7.2489e-05	16.7107
5.41714e-05	3.21097
5.20063e-05	1.86388
3.59552e-05	-3.28779
2.25079e-05	10.0068
0.000168827	-30.2555
0.000152106	-28.9731
0.000207237	2.68964
0.000213501	2.35013
5.72232e-05	-9.73345
0.000144227	0.411096
0.000170383	26.1867
0.000113633	11.2674
0.0001915	18.2644
0.000142123	0.363161
0.00019941	-2.5668
8.17585e-06	-22.2374
5.1304e-06	-33.4245
2.55622e-05	-5.40429
3.19545e-05	22.0103
3.58689e-05	0.543986
3.93028e-05	-6.50964
4.64305e-05	-5.85155
4.23196e-05	-11.8408
5.17723e-05	-11.7734
5.58959e-05	-6.79484
5.97491e-05	17.1598
8.63202e-05	17.8936
0.000115596	14.5792
0.000178301	18.0002
0.000207959	40.8927
0.000211345	40.0968
0.000103465	-8.58453
8.70039e-05	-3.11946
0.00022236	24.1489
0.000267969	26.523
0.000268366	62.1905
0.000113728	-15.159
0.000128929	-8.04978
9.65239e-05	0.448015
9.85947e-06	-30.0228
1.27697e-06	-37.823
2.01031e-05	-25.3108
2.02292e-05	-19.8965
5.32676e-05	68.4656
4.5999e-05	-9.62699
5.50448e-05	28.7463
5.66297e-05	40.1863
7.66013e-05	54.2605
8.7016e-05	18.9528
9.58262e-05	21.574
0.000119621	44.2284
2.85166e-05	-22.7865
0.00020514	-13.3327
0.000194946	-20.7419
0.00016897	-24.1433
7.01964e-05	132.539
0.000164208	12.2717
9.0419e-06	-24.145
3.51676e-05	-36.7007
3.43269e-05	-23.4323
0.000142079	1.22074
0.000119937	5.54326
0.000134111	-18.8995
0.000118512	10.6657
0.000107921	11.5931
0.000106005	37.3826
9.58454e-05	48.586
8.60537e-05	-13.9078
7.54326e-05	1.68737
0.000122683	2.47266
8.58245e-05	-23.0598
7.23246e-05	-7.41373
7.35255e-05	85.8863
0.00025416	-20.4595
2.26957e-05	-43.2303
2.3189e-05	-41.4564
0.000294735	-78.4882
0.000151857	2.10156
0.000106088	-7.09507
8.85024e-05	-15.6165
8.55978e-05	-15.452
7.81157e-05	-7.6129
6.8334e-05	11.0644
6.06078e-05	-3.11418
6.17901e-05	-21.0178
5.6075e-05	-2.6858
5.26969e-05	-12.1664
5.19966e-05	-3.53573
9.05247e-05	-6.44673
7.6905e-05	-7.61482
8.11618e-05	-3.11347
0.000183599	-25.9729
0.000173608	-51.5633
0.000100721	-9.30713
0.000117261	-17.5781
0.000167233	-51.1052
0.000123037	-10.1351
5.22589e-05	-42.9422
7.42042e-05	-23.5735
9.23003e-05	-8.64059
0.000107922	-6.36203
0.000135057	11.2365
0.000122684	1.46423
0.000132563	3.57493
0.000134111	-8.3496
0.000155474	-31.3689
0.000167345	-12.8592
3.21444e-05	-20.2039
0.000129114	9.4609
0.00013301	14.7571
0.000150498	4.35648
0.000169578	-4.57819
0.000176016	18.718
0.000152067	17.795
0.000172669	23.0094
0.000140067	0.59391
0.000204299	9.93856
0.000279448	-11.7458
0.000149179	-0.0132344
0.000181771	15.4343
0.000264434	22.5723
0.000128758	13.014
8.53886e-05	38.4167
8.10995e-05	53.2818
0.000138812	65.687
0.00015103	53.0407
0.000145903	34.1861
0.000166179	57.9205
8.53214e-05	28.8111
0.000232105	26.0794
0.000191526	10.4256
0.000182284	-0.156196
3.69605e-05	-42.9526
0.000151303	-23.476
0.000153537	-0.830517
0.000151542	-16.7646
0.000143531	-7.71178
0.000127697	-12.2814
0.000126675	25.061
0.000115648	-29.1397
0.000112764	-14.551
0.000103461	1.14311
0.00010371	-23.9099
9.73891e-05	-17.1013
8.52845e-05	28.594
7.80362e-05	21.5667
4.62598e-05	-41.0943
3.71194e-05	-60.1444
4.24777e-05	-94.2794
7.26422e-05	-9.02987
9.79066e-05	22.6029
0.0001276	59.314
2.77067e-05	-27.4684
0.000172219	16.283
0.000142137	24.8055
0.000134046	29.8376
0.000115425	29.3887
0.000108655	-15.4712
0.000104869	-4.56377
0.00010479	-17.3204
9.37551e-05	-9.42846
4.5933e-05	-27.8565
0.000274982	-30.083
6.32785e-05	-45.0788
7.84477e-05	-27.1587
7.45507e-05	-48.0068
8.21125e-05	-22.6432
0.000111022	-11.2676
6.27119e-05	-43.387
0.000132431	-0.231757
0.000125473	4.02512
5.82126e-06	-12.9388
2.49517e-05	-17.2233
1.65678e-05	-9.90599
3.48274e-05	-11.2793
4.38529e-05	-27.5292
5.25101e-05	-30.182
6.10537e-05	-30.723
6.22004e-05	-46.1227
7.03601e-05	-47.9157
0.000109196	-22.7585
0.00010863	-26.5166
0.000126056	-10.917
0.000135068	-35.5707
4.51016e-05	-44.9885
7.23184e-05	-47.5729
0.000138789	0.647306
0.000195496	-9.63539
0.000159804	4.44983
0.000250312	30.5411
0.000186087	27.5241
0.00024947	20.8813
7.35672e-05	-58.863
0.000183728	4.41986
0.000227218	14.5475
1.57512e-05	-6.59288
2.31132e-05	-6.70344
3.90167e-05	-28.7627
5.3603e-05	4.09056
9.84372e-05	-11.6532
0.000116908	8.66792
0.00014896	79.7372
0.000171721	65.8575
6.53112e-05	-24.4991
0.000206086	16.4443
6.20327e-05	-14.792
0.000113473	38.8012
0.000219167	26.1103
0.00014321	15.8885
0.000159511	56.0861
0.000137322	35.2516
8.55978e-05	-33.5518
0.00014262	54.468
0.000146544	44.3751
0.000110898	-22.0063
2.19343e-05	-18.5803
3.04064e-05	-11.4355
0.000188727	-12.1073
0.000136106	-13.6987
0.000117435	23.1135
0.000119048	16.5772
0.000117798	-51.0738
8.27211e-05	-42.6849
6.11409e-05	-56.0541
4.89906e-05	-9.72204
0.00019339	-24.9621
0.000184386	-37.3382
0.000183446	-17.6255
0.000179754	-25.7667
0.00017853	-30.6387
0.000156241	-17.1059
0.000135417	16.5455
0.000122144	-36.7747
0.000104847	-31.1072
6.2643e-05	-13.7195
4.91987e-05	-49.1346
5.35075e-05	-48.5296
9.44249e-05	-7.8389
0.00010638	-16.3735
0.000109871	4.67181
7.8906e-06	-9.65949
2.46346e-05	-19.5572
2.17718e-05	3.06612
6.07858e-05	-14.8856
7.86142e-05	-32.8244
9.40589e-05	-39.7057
0.000111429	-7.50937
0.000126853	-14.444
2.76042e-05	-24.4424
2.97928e-05	-15.9383
6.07437e-05	-29.6031
3.62931e-05	-24.7419
3.63362e-05	-7.62074
0.000130239	8.75002
0.000171008	-20.4316
0.000202176	-46.3019
0.000207806	-4.99236
0.000218053	-10.0951
9.5789e-05	-15.0847
0.000275062	34.9498
7.17088e-05	-39.7346
8.70039e-05	-53.1263
0.000102257	-35.1594
4.37623e-05	17.1698
4.07711e-05	-0.242522
5.37454e-05	4.53246
7.80767e-05	18.6556
7.66515e-05	6.61575
8.28131e-05	-32.3111
8.69377e-05	15.6042
9.57338e-05	-19.1514
9.71674e-05	6.44636
0.000110363	14.4436
0.000150192	45.1378
2.84356e-05	-8.70818
7.80667e-05	4.58978
0.000115693	-2.05265
0.000173729	44.7443
0.000150647	33.1669
0.00021441	92.5353
0.000204785	75.9282
0.000163205	48.3778
4.30324e-05	-10.2177
4.91153e-05	0.789712
3.59892e-05	-4.25566
2.62096e-05	-17.0702
2.90269e-05	-20.9485
0.000168556	-53.0323
0.000137728	7.68178
0.000134824	-19.7293
0.000135731	-13.3591
0.000104413	1.48572
0.000100348	19.8299
8.85299e-05	-16.9263
9.33435e-05	-14.9375
7.12715e-05	-1.71846
7.94815e-05	-39.8098
7.37945e-05	-26.1733
5.03117e-05	4.85184
0.000100308	29.08
2.23495e-05	-18.1607
2.31696e-05	-7.70716
0.000172005	26.1126
0.00016119	18.4618
0.000155422	24.1959
0.000122524	15.5778
5.54414e-05	-10.239
4.77626e-05	-28.1169
3.21883e-05	-20.025
4.60589e-05	-33.8485
2.4225e-05	-15.0785
5.09752e-05	-18.7906
6.50408e-05	-35.391
0.000121229	30.7766
5.88793e-05	-30.0531
9.45917e-06	-18.8719
3.1807e-05	-12.8057
2.7978e-05	-0.958032
3.37983e-05	12.2776
5.012e-05	-13.1801
5.10383e-05	-1.06475
6.72518e-05	-30.3634
7.10087e-05	-34.3519
9.83781e-05	-42.3621
0.000135034	-18.6113
4.20167e-05	-29.961
0.000130741	12.0049
0.00022937	26.9684
9.6902e-05	-67.1952
0.000288766	33.8871
3.81375e-05	32.0225
6.89587e-05	39.644
6.71161e-05	31.1992
7.21591e-05	9.64992
7.8729e-05	48.1534
7.83451e-05	6.04395
9.30969e-05	23.886
9.7389e-05	18.141
0.000100829	26.7402
0.000118957	-17.5916
0.000124005	-17.0907
0.000134032	-15.904
0.000137021	4.35417
4.78146e-05	30.8345
6.3906e-05	-0.571922
6.83203e-05	0.385197
6.40479e-05	4.09591
0.000128203	91.0363
6.83733e-05	23.1122
0.000113258	87.3896
0.000146329	26.2485
0.000102516	-2.87984
0.000112915	-3.85575
1.96268e-05	0.398547
1.64661e-05	4.11158
1.33274e-05	-3.07522
4.97191e-05	-16.8296
5.2164e-05	-6.26156
4.27669e-05	11.7711
0.000256683	-45.9835
0.00016084	-39.2732
0.000139614	-25.661
0.000140009	-63.8092
0.000130045	-72.0051
9.08679e-05	-8.62253
9.28292e-05	-33.8149
8.10325e-05	-3.81281
6.6938e-05	17.3167
6.30316e-05	-1.85451
3.08574e-05	18.1782
6.20304e-05	10.8102
0.000118967	-19.8705
0.000113233	-21.405
0.000102578	-24.4064
7.44668e-05	45.7443
2.07157e-05	-22.6606
1.12028e-05	-4.93105
4.93414e-06	3.1603
4.39551e-05	-0.535084
2.86284e-05	1.62014
0.000241553	-13.5768
0.000195347	-5.97558
0.000176327	2.86728
0.00016598	8.01479
0.000147508	-9.85399
0.000146367	13.5468
0.000126385	16.3315
8.66501e-05	-31.746
6.56411e-05	-11.475
5.40591e-05	-7.85626
5.83988e-05	-42.1481
0.000155057	27.3559
7.22998e-05	-50.5158
6.38859e-05	-40.6748
8.51709e-05	33.7366
2.02641e-05	-1.97191
1.96592e-05	2.54853
1.97428e-05	1.6292
5.54884e-05	-33.1845
4.79867e-05	-45.4134
5.79309e-05	-32.1031
9.58994e-05	-36.5503
8.60811e-05	-41.8886
0.000117976	-47.5474
0.000146303	-23.9675
4.74678e-05	-11.6463
6.27369e-05	-11.6825
0.000163632	-32.7425
1.14115e-05	-4.57532
3.97627e-05	-3.46825
7.68661e-05	39.7612
7.58167e-05	7.31175
8.28919e-05	10.4049
8.9878e-05	22.4663
9.20546e-05	2.64363
0.000121899	-19.5381
0.000133722	-23.7177
0.000141544	-31.9714
0.000146367	-22.3271
4.57682e-05	23.3673
3.81061e-05	11.9361
0.000206204	18.3537
0.000146836	13.2998
0.000100015	15.6658
8.68548e-05	9.32472
0.000134142	10.5444
0.00018742	65.0625
9.11148e-05	5.73223
9.89327e-05	13.58
6.94194e-05	20.1397
0.000183758	58.2872
8.96207e-05	32.2378
9.06192e-05	5.38316
0.000239392	43.6694
0.000232537	21.4516
0.000171163	-1.75118
0.000122673	-57.8378
1.05409e-05	-15.5801
5.05602e-05	17.2713
4.32598e-05	13.5977
3.04822e-05	-8.99784
2.67033e-05	1.44453
0.000238388	-64.5535
0.000194401	-84.2672
0.00019941	-72.5558
0.00018666	-33.8328
0.000167073	-79.4346
0.000156384	-66.4238
0.00013895	-35.9353
0.000121622	-30.3588
0.000104961	-43.8232
9.58454e-05	-3.26001
7.99113e-05	4.73469
7.68955e-05	9.44269
5.37523e-05	18.6277
5.2462e-05	9.27087
3.52439e-05	1.51605
5.05173e-05	-0.477758
0.000124852	-20.5385
7.61579e-05	-24.2507
0.000147827	-27.8937
0.000137955	-25.9885
0.000127592	-31.4743
0.000107783	-14.3957
7.64997e-05	1.71555
8.05494e-05	2.57895
5.40591e-05	-5.45559
1.91118e-05	12.4106
1.59008e-05	2.08558
4.08087e-05	-20.89
4.72941e-05	-40.7246
3.43479e-05	-47.6038
2.47163e-05	-4.70313
0.000236848	-49.965
0.000237766	2.66848
0.000229219	12.5147
0.000211542	-36.328
0.000219643	3.64852
0.000203639	-43.9736
0.000199762	-30.068
0.000191059	-16.7212
0.000172622	-19.8744
0.000178476	-22.353
0.00016188	-15.6125
0.000166898	-26.4023
0.00015388	-5.2479
0.000143852	-2.48279
0.000127083	-0.351603
0.000122683	1.47134
0.0001081	7.89342
7.74356e-05	-3.23863
6.92535e-05	5.48045
6.74524e-05	8.98514
9.46389e-05	-10.468
1.96358e-05	-23.5391
3.70018e-05	-9.06156
6.49263e-05	-47.5383
7.49726e-05	-35.1869
7.16539e-05	27.4275
7.54315e-05	-25.2894
8.29863e-05	-17.9326
8.65725e-05	-49.6382
0.000129352	-36.2566
0.000120373	-11.884
0.000130399	-25.6032
2.75149e-05	-2.3767
5.06212e-05	-0.525028
0.000132077	-31.0579
6.47881e-05	15.8927
8.0102e-05	13.5338
1.35091e-05	13.8174
4.42394e-05	-14.7974
9.32238e-05	22.7078
0.000117619	-5.90281
0.000126114	-36.3886
0.00013126	-10.3065
0.000138128	-25.8347
0.000148934	-15.0807
2.8376e-05	-11.5056
0.000219365	35.9462
0.000171092	-28.0485
0.000202701	33.6482
8.61614e-05	-16.5656
9.79618e-05	-16.407
0.00017773	16.3871
0.00014664	-33.5755
9.08476e-05	-19.4461
0.000156829	-15.4805
0.000108928	-6.04819
2.75667e-05	6.68661
3.87189e-05	5.76652
4.96779e-05	-25.701
4.62239e-05	-9.77271
4.45638e-05	-14.9205
3.15846e-05	-1.60348
4.00737e-05	3.4586
0.000262707	-69.9423
0.000247495	-69.717
0.000211521	-102.424
0.000146367	7.57608
0.00013054	-13.9893
0.000110909	-45.7645
0.00010846	-38.6025
8.25894e-05	-56.1313
7.61061e-05	-44.9683
4.37138e-05	6.66187
0.000112835	20.455
0.00014221	1.73829
0.000208412	-61.5436
0.000157304	-14.3074
0.000152767	-14.8242
0.00018755	-4.62058
0.000147533	-6.11704
0.000154268	-10.2814
0.000222542	-4.20297
0.000149264	-13.5676
0.000152107	-12.6274
4.79834e-05	-54.6951
4.19104e-05	-33.6566
0.000237049	-33.9845
0.000204888	1.52853
0.000195848	7.77728
0.000163242	-21.0203
0.000162082	-14.1103
0.000133795	-14.3617
0.000125678	9.81075
0.000125008	-12.0158
0.00011615	-6.50342
0.000111366	-42.6592
9.02129e-05	-37.1359
8.33094e-05	-39.8622
3.32758e-05	-46.1096
1.03374e-05	22.4624
5.81426e-06	-12.9163
1.26686e-05	-16.3653
2.82755e-05	11.9715
3.13744e-05	-7.03179
4.45876e-05	22.684
7.81251e-05	-3.15204
0.000106536	-39.1033
0.000157641	-42.1471
8.24041e-05	-24.9621
0.000123793	-17.9891
9.18433e-05	8.38023
0.000179772	6.33423
5.1231e-05	-4.9511
6.85759e-05	-18.6482
7.32265e-05	-36.7129
7.89193e-05	-24.0495
9.86611e-05	-13.243
0.000113763	-7.23977
0.000131365	-42.0694
0.000143041	-13.562
0.000152107	-11.2579
0.000176015	25.3134
4.86285e-05	5.57913
0.000160472	19.6282
0.000108242	-4.51778
6.3914e-05	-11.7571
7.10516e-05	-9.11206
5.46346e-05	6.78505
0.000193947	-12.8128
0.000166167	4.06406
0.000143392	-11.896
0.000111309	-2.85866
0.000186068	-3.86468
6.33902e-05	2.0381
7.876e-05	-19.166
0.000123175	1.32556
0.000102114	9.7378
8.49951e-05	-16.361
5.97323e-05	3.85813
0.000247445	-24.4565
0.000208716	-50.6427
0.000185094	-52.2917
0.000169783	-78.0543
0.000169366	-77.7267
0.000152958	-14.6743
0.000159537	-44.8924
0.000145759	-34.3796
0.000142181	-11.0161
0.000123858	-27.3357
0.000144276	-21.8276
0.000144576	-6.21222
0.000128919	17.9313
8.64547e-05	-47.583
7.92963e-05	-34.1532
7.99624e-05	-19.6814
3.269e-05	10.7498
2.19848e-05	12.0063
0.000103171	1.15015
0.000185419	-25.7357
9.22268e-05	-17.3224
5.84957e-05	-2.9192
9.93307e-05	-24.8121
7.64457e-05	-13.1842
0.000107601	-1.39103
5.5546e-05	2.58065
9.62643e-05	-25.1864
0.0001883	-52.2389
9.81608e-05	1.8363
0.000158156	-24.6209
6.97364e-05	-21.455
5.83111e-05	-10.9064
5.43046e-05	-3.28177
0.000117902	24.778
0.000204786	6.6144
0.000193161	-7.96215
9.3864e-05	-27.8453
6.39561e-05	-28.8327
4.60589e-05	-27.8676
7.50964e-05	-37.9704
6.92811e-05	-65.7413
0.000108276	-36.4661
8.39655e-05	-13.1353
0.000121202	-18.4331
2.53756e-05	-36.4928
0.0001301	-45.5467
7.98221e-05	-82.399
6.48574e-05	-73.7635
1.05795e-05	-16.3964
7.93962e-06	5.43437
2.08979e-05	-24.0947
3.09787e-05	-30.4556
5.66918e-05	2.02397
6.53702e-05	-12.3777
7.07453e-05	35.3724
8.54188e-05	-8.95458
0.00010765	9.94407
0.000102093	-8.7236
0.000108346	-12.2043
0.000110345	-2.76163
0.00011315	12.072
0.000121734	12.359
0.000156688	10.557
0.000164603	28.9361
0.000157589	18.4111
0.000169176	-23.8154
0.000170002	-16.6909
4.62759e-05	12.2785
2.89109e-05	-12.4102
4.57952e-05	15.0102
4.44183e-05	20.8897
3.07292e-05	-24.5883
9.74483e-05	-14.1366
0.000133738	-41.7701
0.000152098	-9.27427
0.000105561	-19.9511
0.000228247	-21.7883
0.000111673	-7.27137
9.43373e-05	9.68475
0.000183211	17.5
0.000121286	-23.9861
0.000158255	-12.3194
0.000154726	-9.63123
0.000115497	3.10182
2.28025e-05	-17.9773
1.03615e-05	-1.38284
1.31403e-05	-1.54902
6.2808e-06	-13.6478
4.9992e-05	-26.1878
0.000156094	-36.7812
0.000164087	2.39734
0.000145303	-16.1976
0.000142428	4.66775
0.000114589	7.9885
0.000107364	9.03703
0.00010155	-1.91307
5.05702e-05	-4.2251
3.08441e-05	-1.87211
0.000113669	-33.4825
0.000134111	0.0861294
0.000142186	-6.5391
0.000145686	0.0949548
2.03283e-05	-10.1919
2.39503e-05	-12.4259
2.13346e-05	-19.7602
4.94829e-05	11.0551
5.12629e-05	-14.2123
0.000230937	-21.7473
0.00020639	-22.6932
0.000123294	-41.5947
6.10616e-05	7.61556
0.000103232	-46.1255
0.000154824	-33.3828
8.5514e-06	-26.2268
2.85761e-05	-43.8508
3.56788e-05	-29.2671
5.4027e-05	-29.3262
9.53482e-05	-91.4349
0.000107621	-81.7786
0.000131864	-14.8505
0.00014672	-36.1464
5.00485e-05	-1.72878
5.72255e-05	-14.9297
5.70662e-05	-6.36085
7.45473e-05	-4.4789
7.94824e-05	-10.3569
8.71891e-05	10.9039
8.83242e-05	-39.3473
0.000101155	-20.7953
0.000102625	19.5879
0.000108344	14.5527
0.000136176	-17.9554
0.000172674	-16.3999
0.000174252	-13.1544
4.90479e-05	-12.5555
0.000270667	-13.0988
0.000135575	-29.9143
0.000105048	-17.4658
6.20321e-05	-5.92621
4.7055e-05	-20.8657
0.000168009	7.12494
0.0001858	5.47096
0.000108021	-22.2514
0.000163242	7.93305
0.000186325	-2.80025
0.000185129	-10.5989
6.59675e-05	10.1729
0.000172669	-26.842
8.6378e-05	-33.5155
1.33323e-05	9.26872
4.91962e-05	-37.6833
5.07914e-05	-29.9111
3.61017e-05	11.0418
3.45229e-05	-24.7641
0.000171993	-1.38256
0.000164288	29.581
0.000139126	1.14719
0.000155405	-16.1885
0.000115861	-34.9099
0.000101341	19.5911
0.000113545	-48.0056
7.06407e-05	-25.5439
8.12059e-05	8.78278
6.01446e-05	-19.5405
0.000177112	-18.3439
0.000124673	-1.5083
0.000142721	10.0678
0.000167079	-7.47517
0.000120866	-6.23718
9.35027e-05	-14.4016
0.000205044	-19.5546
0.000173203	-25.5478
0.00016045	-13.0678
9.84131e-05	-58.4812
3.98369e-05	-2.74364
1.23905e-05	-31.0956
2.1263e-05	-3.22482
2.7987e-05	9.90965
3.3722e-05	17.5735
3.93887e-05	20.0652
3.82925e-05	14.4611
3.78911e-05	-9.13021
5.45782e-05	-2.4298
5.26889e-05	18.1819
6.58264e-05	3.30383
6.04738e-05	-51.1804
8.9876e-05	-12.015
2.94644e-05	-25.0293
8.44496e-05	-19.2993
1.95664e-05	-16.8159
2.2218e-05	-4.77195
4.1531e-05	6.83913
4.41451e-05	8.17985
5.87114e-05	-36.9143
7.61735e-05	-13.5462
8.29121e-05	-3.98702
0.0001063	-28.2261
0.00014735	15.6968
0.000151828	-11.3246
2.68802e-05	-31.4347
0.000107443	-9.44653
0.000144277	-15.8735
0.000123498	-57.403
0.000163837	-45.2307
0.000115006	-25.4013
8.84232e-05	-12.3425
0.000149342	-46.3793
5.26842e-05	-1.55961
1.25285e-05	-25.0248
4.82159e-05	-36.6157
0.00023621	-20.8909
0.000231177	-2.23928
0.000182719	-10.2605
0.000156949	-11.381
0.000162544	-13.0835
0.000123467	-52.6098
0.000111668	-44.7574
8.8557e-05	-22.6947
7.3493e-05	23.6782
6.01693e-05	13.9715
0.000234668	-48.8524
0.000161644	12.2274
0.000104	9.33726
0.00023312	-33.4524
0.00026564	-18.2307
7.67933e-05	-2.0698
7.11611e-05	-10.2663
0.00013017	-25.8214
7.45111e-05	-86.8586
3.64299e-05	-25.6509
8.22245e-05	-60.7587
0.000106506	-103.884
0.000220287	-9.33638
0.000246434	6.99143
2.37182e-05	33.6688
3.04374e-05	21.9018
6.42848e-05	-18.0797
5.61851e-05	-17.9087
9.41807e-05	-8.69076
7.9201e-05	-5.02146
0.000105585	-55.585
6.41298e-05	-5.52812
6.45981e-05	-14.0074
6.7832e-05	-14.9903
6.98507e-05	1.25831
7.25748e-05	11.8419
0.000124544	1.2461
7.15192e-05	-33.0743
8.28196e-05	38.9932
7.64363e-05	33.7009
7.95778e-05	2.30635
7.876e-05	8.67767
9.42597e-05	9.29745
0.000103332	-13.2808
0.000123397	-6.01836
0.000143608	3.01785
0.000160848	9.89668
0.000158121	-12.55
0.000185028	10.4384
0.000229093	14.9634
0.000228404	45.0523
3.56548e-05	40.2136
3.62854e-05	21.8899
0.000123556	41.4148
0.000130956	12.3694
0.000165062	17.7102
0.00010914	-3.71284
0.000141539	-33.2888
7.01479e-05	-3.29388
9.80629e-05	4.66768
0.000121135	16.2336
6.69806e-05	9.6423
4.4552e-05	36.1166
3.76052e-05	51.263
0.000252494	-9.51736
0.000138129	8.3102
0.000140552	22.7498
0.000105322	-26.2002
0.000102056	25.5489
4.68552e-05	44.3247
4.93025e-05	25.8712
7.30055e-05	32.1602
0.000170002	-3.11259
0.000232406	-51.9287
0.00018105	-9.86294
4.17358e-05	4.28147
0.000191894	-10.2578
0.000157405	-14.3937
0.000138035	9.94909
6.89523e-05	-0.668201
0.000152026	-71.2089
9.25847e-05	-67.9446
0.000111478	-54.3028
0.000220005	-77.6561
0.000102826	-88.0152
0.00023785	-45.8071
9.06742e-05	-57.6362
1.58354e-05	15.0651
2.77719e-05	19.0781
3.3981e-05	8.46899
4.3224e-05	8.00061
5.25377e-05	22.6113
5.98381e-05	25.276
5.98953e-05	12.9139
6.24036e-05	19.5043
6.73623e-05	30.3303
7.1258e-05	14.8956
7.78358e-05	29.9755
7.92952e-05	21.5512
7.876e-05	-6.48271
7.876e-05	2.63621
8.01296e-05	33.5718
9.15141e-05	1.7465
9.66282e-05	10.8614
9.74799e-05	20.5973
9.39493e-05	30.2125
0.000108929	32.0472
0.00012292	12.2121
3.62135e-05	10.1811
4.85942e-05	12.1855
5.38769e-05	18.1862
5.73834e-05	2.86231
6.98252e-05	0.26113
0.00010653	-4.16535
0.000104184	16.191
6.96694e-05	4.58261
6.27661e-05	1.85937
7.14532e-05	24.365
0.000114681	21.7011
0.000125916	7.35999
2.45784e-05	33.9048
2.89925e-05	46.599
4.20837e-05	60.301
4.24797e-05	8.0617
6.42841e-05	6.98426
0.000101008	-9.88243
0.000123783	37.9381
0.00012534	26.3496
0.000128689	0.702248
0.000145646	4.90083
0.000212581	48.991
0.000225414	37.7432
0.00021764	20.4209
2.78838e-05	41.7694
2.3442e-05	-2.92552
3.56271e-05	68.22
0.000115839	53.1631
0.000198622	-18.0062
0.000113763	47.4878
5.84437e-05	33.1968
0.000113155	43.8662
0.000112007	55.5912
0.000121974	46.0166
0.000184301	45.1495
5.18289e-05	51.1741
3.69111e-05	62.6873
0.000121614	-25.6355
9.92555e-05	24.8311
8.43736e-05	36.9271
7.1328e-05	44.738
5.7814e-05	-0.991171
5.0702e-05	48.5741
0.000138129	26.9718
0.000130489	41.8162
0.000127751	53.2
9.16477e-05	41.8078
6.91485e-05	19.2407
5.39526e-05	-5.19243
4.08433e-05	34.3537
0.000154976	-1.16892
2.8536e-05	34.3389
7.79845e-05	-31.6799
4.42586e-05	-2.97336
9.77012e-05	16.0716
0.000125943	13.1983
4.56986e-05	-53.4668
4.86922e-05	-38.3568
0.000163989	-15.8727
0.000140857	-21.4554
0.000125009	5.44384
0.000140217	-35.349
1.61659e-05	48.0714
5.85618e-05	-15.0614
6.31055e-05	-11.6113
0.000104129	-27.2052
0.000122843	4.01559
0.000144636	34.8561
0.000156668	-4.13175
0.000183219	-1.99936
0.000149286	68.713
9.1775e-05	16.1282
0.000180715	2.66263
6.0794e-05	-19.8879
0.000213862	-0.472615
0.000126302	25.7421
0.000143422	20.0946
2.35242e-05	53.3327
4.21919e-05	35.2422
5.27833e-05	29.0216
9.78655e-05	51.1934
9.27994e-05	0.172388
8.56122e-05	21.6767
7.76916e-05	6.10138
7.16033e-05	13.1618
6.68172e-05	31.087
5.97474e-05	22.3551
9.58454e-05	-3.3683
6.67402e-05	20.9094
0.000115047	15.0594
0.000109882	14.1918
6.02462e-05	27.3463
7.05089e-05	-25.5247
7.42869e-05	30.6216
9.55708e-05	-5.47271
8.64264e-05	29.0731
0.000163197	47.9355
1.29413e-05	49.8837
6.69992e-06	45.0317
4.73735e-05	11.4047
5.85874e-05	-32.6758
2.97075e-05	47.27
0.000243893	-10.7423
0.000183973	-12.8117
4.94302e-05	-44.4967
0.000317588	-9.48304
1.96964e-05	3.56708
3.2143e-05	-4.81262
3.8693e-05	-9.37264
4.80706e-05	-7.34145
9.09232e-05	-26.816
0.00014158	12.7408
4.07411e-05	-16.2228
6.19351e-05	-49.7126
0.000116074	-28.3712
6.34107e-05	-63.8808
0.000162577	10.3793
3.85643e-05	53.5092
3.87467e-05	13.857
4.86385e-05	20.1485
4.13152e-05	17.5866
5.96576e-05	3.42532
4.50887e-05	26.1067
9.42689e-05	9.94438
8.81724e-05	-26.7384
0.000126549	-7.91889
0.000217277	9.91157
0.000209188	23.3244
0.000250101	18.9098
6.47206e-05	-1.72092
0.000138214	27.626
0.000189436	27.0481
0.000101041	32.1935
4.56934e-05	55.6592
2.7519e-05	49.8872
9.37213e-05	13.2001
8.24794e-05	48.9564
7.39249e-05	15.88
6.66374e-05	48.578
6.51428e-05	41.4661
3.34307e-05	36.7061
7.4335e-05	16.0242
0.000136929	-1.32885
6.58409e-05	25.9237
8.60775e-05	-17.8932
5.68e-05	15.2439
5.52856e-05	-26.0268
3.75122e-05	-24.7708
4.77871e-05	-26.0618
0.000120379	-55.9965
9.60974e-05	-31.7966
0.000136779	-63.086
8.95037e-05	-37.9201
0.000103444	-37.3391
2.28092e-05	19.7371
2.26285e-05	23.8474
3.25242e-05	30.1495
3.7721e-05	10.6392
4.48222e-05	33.3454
5.03129e-05	14.1901
5.61768e-05	23.6853
6.28459e-05	28.0412
6.69664e-05	4.41332
8.06234e-05	28.8304
8.77576e-05	-15.542
9.83153e-05	-5.16687
0.000120066	10.6289
0.00011466	30.8172
0.000120502	-13.3606
0.000122643	36.9979
0.000136332	41.5848
0.000132232	27.9727
0.000134111	24.7364
0.000146318	-12.8259
3.89792e-05	-16.1698
4.15753e-05	-22.063
4.69918e-05	-7.3764
3.86481e-05	4.37121
2.76218e-05	19.3307
3.46103e-05	13.1602
8.53009e-05	-47.3185
7.61378e-05	-68.0176
7.876e-05	-49.5431
2.28411e-05	35.8368
3.01333e-05	37.5029
4.57758e-05	69.6581
6.12425e-05	26.116
6.64944e-05	36.7935
6.56622e-05	53.7637
8.06285e-05	22.5769
8.41916e-05	30.7426
0.000103302	18.9062
0.000116584	1.89069
0.000131154	3.21506
0.000146881	17.3617
0.000149887	12.5451
0.000165694	38.7083
0.000178354	12.4783
0.000200629	26.157
0.000194006	-7.69881
0.000210904	7.88402
0.000208107	16.1846
4.99665e-05	29.2697
4.20266e-05	24.433
4.85062e-05	47.7112
0.000106233	37.3542
6.84385e-05	36.4228
5.80791e-05	23.653
8.80926e-05	37.3826
7.89512e-05	56.111
0.000105507	54.1646
8.37797e-05	42.7031
2.00095e-05	25.3958
1.26869e-05	25.6726
0.000142555	-11.5709
0.000120439	1.80625
0.000109727	8.2687
9.21677e-05	38.7105
4.34969e-05	17.2118
0.000118151	23.8112
0.000155525	17.0061
0.000125241	33.204
0.000122316	44.8145
0.000149438	2.58341
2.1363e-05	13.9965
1.98599e-05	23.0895
2.13094e-05	16.8445
4.35618e-05	-22.5871
4.30343e-05	-3.0956
0.000239391	-29.2458
0.000179616	-28.5227
0.000174503	-68.29
0.000171203	-29.9645
0.000141426	-47.6363
9.65872e-05	19.8506
8.00358e-05	-6.14609
7.78859e-05	7.43881
2.94727e-05	-0.189099
0.000197634	-89.3012
6.59377e-05	-28.2734
7.64227e-05	-26.1705
9.09124e-05	-39.652
0.000142794	-45.9692
0.000122043	-48.9101
7.57548e-05	-41.7282
8.55684e-05	-58.3812
1.34098e-05	48.8425
3.24331e-05	59.3891
4.50624e-05	70.1542
5.18695e-05	69.499
4.5583e-05	87.7916
5.03105e-05	87.2382
6.94436e-05	64.7534
6.4123e-05	43.9128
7.41999e-05	68.7969
9.45821e-05	65.0008
0.000105543	19.5997
0.000111961	7.22989
0.000116385	-7.99419
0.000117762	-2.11078
0.00011743	42.024
0.000124506	-13.5118
0.000130184	8.6254
0.000164137	65.7992
4.78395e-05	30.8952
6.05044e-05	3.96262
8.86933e-05	-35.2859
0.000119055	-37.8502
0.000177413	-33.2209
0.0002061	-40.9217
5.59588e-05	40.0876
6.91285e-05	3.18789
0.000103833	-59.7286
0.000128001	-37.0942
0.000135442	-48.5946
8.07907e-05	18.2285
0.000216364	-8.61901
9.03049e-05	-41.4882
9.34042e-05	19.7582
7.19847e-05	41.2999
0.000103507	-5.99518
3.10827e-05	56.0663
2.9803e-05	67.7635
5.84462e-05	66.0966
9.73891e-05	7.8378
0.0001359	13.225
0.000164286	31.3524
0.000168016	62.728
0.000241533	25.1905
0.000240458	34.6888
3.27625e-05	49.0428
4.43021e-05	59.8337
0.000102314	39.3332
8.3147e-05	44.4562
6.621e-05	29.5081
2.90991e-06	55.0989
0.000196831	-58.2602
0.000155813	-5.15866
0.000106152	48.9748
0.000108665	13.0683
4.54393e-05	35.146
3.45082e-05	37.7692
6.93111e-05	41.4239
7.7591e-05	58.3992
0.000222345	-13.8347
0.00015569	57.1671
0.000188685	31.8216
6.40809e-05	43.9164
0.00018063	33.9091
1.67517e-05	48.0503
0.000239947	-44.8462
0.000229957	-16.8113
0.00012581	-16.5811
7.75761e-05	45.3753
0.00015117	-29.2594
0.000176348	-76.8891
0.000114902	-33.5321
0.000110334	-51.2467
0.00015068	-65.5671
0.000116991	-53.8115
0.000113763	-42.1344
1.61174e-05	68.5178
2.71775e-05	49.5597
2.56397e-05	38.1995
3.42189e-05	59.5378
4.71392e-05	21.1385
5.28803e-05	72.3899
8.82598e-05	28.7993
9.38978e-05	0.415091
0.000125549	71.6688
0.000137505	24.9597
0.000143232	21.0432
0.000149164	56.5054
0.000161799	43.3164
3.00356e-05	43.5519
0.000108387	9.77748
0.000204574	-20.7158
8.87638e-05	4.53379
0.000158748	-14.6484
0.000196648	-17.9113
0.000105672	-11.1488
0.000126434	-8.10663
5.56458e-05	39.7969
7.01188e-05	33.521
0.000105765	-2.41061
2.15368e-05	26.217
4.2655e-05	43.4054
9.80136e-05	11.9972
0.000123784	23.068
0.000132075	19.7659
0.000134111	24.7645
0.000154974	22.507
0.000222378	12.5556
0.000247532	53.0065
0.000251623	34.5741
0.000319023	54.4784
4.58375e-05	42.7542
8.81432e-05	69.6269
7.60963e-05	43.5634
0.000114976	23.1865
0.000107795	10.2078
0.000105768	65.8183
9.48108e-05	26.2079
8.69333e-05	-4.10848
7.57067e-05	27.2265
0.000136314	5.96991
6.19007e-05	51.6413
0.000131735	58.9008
8.02486e-05	15.3112
0.000131677	80.2661
7.30873e-05	-2.73437
0.000151542	-6.01542
0.000120866	0.10129
4.2245e-05	66.0169
3.46434e-05	70.133
0.000185711	-66.3914
0.000152837	-19.9966
0.000141332	-19.6384
0.00015939	-18.0031
0.000179821	-53.3765
0.000162548	-9.18648
8.38652e-05	45.2678
0.000171204	-19.8548
1.5057e-05	-3.01772
4.82075e-05	13.8562
5.70397e-05	22.2881
8.50989e-05	23.3777
9.96632e-05	36.499
0.000104403	50.1749
0.000117344	17.6311
0.000136812	10.8011
0.00015246	24.534
0.000150531	48.2523
0.000195587	103.535
0.000190046	69.4485
8.38358e-05	25.1217
0.000124251	33.11
0.000167526	-15.5833
0.000183506	-19.586
0.000166309	-9.23807
9.84626e-05	27.6571
7.66743e-05	22.0377
7.54973e-05	23.3644
0.00013358	20.5879
0.000147174	24.8584
8.86191e-05	26.3351
6.94432e-05	26.2921
5.23931e-05	20.4729
5.16195e-05	13.9756
6.93473e-05	20.5561
0.000126404	-5.97928
0.000276876	34.6179
0.000280457	38.4549
0.000292964	35.8068
3.35711e-05	-6.77597
4.84552e-05	17.8199
4.04805e-05	-8.66367
0.000102923	-18.9469
8.14441e-05	-6.28488
7.61377e-05	12.7357
6.02899e-05	0.250511
5.77594e-05	9.12724
0.000261725	-59.9061
0.000189348	-27.4267
0.000188727	-3.68675
0.000173722	4.89787
0.000173806	-23.2572
0.000171203	7.62755
0.000154256	-0.710056
0.000149272	6.75732
0.000138101	-7.51159
0.000130655	2.47167
0.000121582	20.5971
0.000128943	10.8648
0.000120866	27.6135
7.08269e-05	-1.08771
4.5939e-05	6.22304
3.3722e-05	-13.7005
0.000109994	19.283
0.000138733	61.4353
5.44695e-05	-1.92538
0.000107022	-4.42348
5.16683e-05	9.76831
2.49104e-05	-15.7394
1.83158e-05	-4.55226
4.29631e-05	-29.2854
3.97597e-05	-23.6438
0.000143579	6.52853
0.000113514	3.96272
7.92969e-05	26.8951
6.41745e-05	63.0907
3.91469e-05	15.7198
4.5987e-06	46.8356
5.85468e-05	27.6586
5.81362e-05	19.6882
7.03365e-05	0.0179651
0.000134708	44.5437
0.000175176	-28.1023
0.000180498	-10.1162
4.92183e-05	64.6584
5.80935e-05	77.6059
6.89279e-05	77.7313
8.20536e-05	33.2468
9.18748e-05	43.036
0.000111486	60.1672
0.000127466	43.0176
0.000140208	54.0905
0.000173508	56.2067
0.000164069	50.6257
0.000173636	62.286
0.000238596	20.8077
0.00025472	31.75
0.000241734	40.3016
0.0002777	53.1679
2.2346e-05	46.0872
9.53262e-05	41.7499
0.000163654	32.1108
0.000158696	74.6341
0.000272929	35.9278
0.00017306	38.3709
0.000186148	23.1423
3.50679e-05	-4.84322
7.52514e-06	37.3993
0.000149935	23.0797
0.000140274	-3.97797
0.000123106	32.8181
0.000119072	15.2179
0.000112685	-23.9591
9.89325e-05	-11.8778
8.41736e-05	-4.11388
3.16891e-05	19.2307
2.58943e-05	29.8862
0.00013806	17.5399
6.59291e-05	-31.8841
2.15694e-05	14.9561
0.000135586	14.4224
0.000120434	-7.2998
0.000101486	10.525
0.000110333	-2.26167
5.8833e-05	3.12942
8.43618e-05	10.6328
0.000285863	-1.10777
8.80709e-05	-39.5609
8.19433e-06	7.43686
2.01605e-05	34.7887
2.41714e-05	1.86029
3.13962e-05	36.2827
4.80982e-05	26.5272
6.56084e-05	-0.290489
0.000108085	9.85827
9.7136e-05	23.2009
0.000119048	-6.68848
0.000139135	-2.87993
0.000133607	34.2117
2.56879e-05	52.3332
6.31707e-05	37.2416
8.64375e-05	-18.4179
0.000111928	-36.2491
0.000122218	-42.7625
0.000117442	-33.5634
0.000109375	-15.8825
1.98273e-05	-29.5736
5.77773e-05	-5.08298
5.27873e-05	-37.9701
5.92177e-05	9.37301
7.70622e-05	-36.4994
8.9223e-05	10.4504
8.69442e-05	5.69191
9.58454e-05	21.0157
0.00012671	44.1002
0.000132139	18.7897
0.000143615	27.483
0.000153259	10.3865
4.1582e-05	-75.1634
4.08458e-05	-70.2661
3.64444e-05	-51.3609
2.3155e-05	-23.7407
2.17765e-05	-14.0768
0.000224529	-56.7327
0.00020026	-67.9725
0.000143695	-29.7122
0.000128482	-31.394
6.47468e-05	-97.6981
6.19308e-05	-58.3436
0.000125671	-34.2127
0.000105519	1.72404
3.69769e-05	35.6324
0.000169651	-68.4306
0.00018345	-17.9275
0.000166939	-75.7568
0.000159538	-77.6551
0.000134632	-52.8097
0.000141009	-43.4833
0.000136201	-44.3545
0.000136475	-50.1138
0.000110561	-47.0374
8.91383e-05	-2.13494
5.64616e-05	21.6866
7.87755e-05	7.63376
8.80002e-05	4.07596
0.00015786	-60.6133
0.000155604	-28.9703
0.000227355	-28.7655
7.16533e-05	24.123
0.000111169	-27.5113
2.97363e-05	21.1423
3.58781e-05	30.3292
7.29649e-05	5.88804
0.000102952	22.5953
0.000111152	40.0727
0.000116681	20.6431
0.000147658	23.6935
0.000145562	-35.1246
0.000153369	4.56436
2.64239e-05	8.01298
4.04323e-05	23.8563
3.64766e-05	20.8532
0.000150783	-39.8561
0.000161849	-43.8326
0.00019954	-42.9168
0.000335929	-15.934
0.000198743	-31.5854
0.000202176	-23.8428
0.000272735	-1.1107
7.33164e-05	35.936
7.84662e-05	41.7477
8.41627e-05	39.4365
0.000103459	34.6405
0.000114494	-12.3893
0.000121831	-14.7883
0.000123779	-8.84778
0.00013336	5.68894
0.000135821	-0.168837
0.000138101	4.41489
4.6081e-05	-41.2113
0.000133105	-49.6003
7.53005e-05	-67.952
6.52757e-05	-48.12
6.10976e-05	-42.1864
0.000157467	-24.414
0.000137591	-50.6793
9.35313e-05	20.0112
0.000145579	-5.25541
0.00018231	3.27934
5.4998e-05	-39.5665
3.78782e-05	15.3811
3.59002e-05	-4.66874
0.000295745	-19.4267
0.000189499	-1.98851
0.000182998	10.3969
0.000176899	-50.6223
0.000130053	-52.1428
0.000122054	-34.5197
9.14006e-05	-82.5395
8.33165e-05	-64.1276
7.25325e-05	-53.1662
5.45642e-05	-51.3528
3.81239e-05	-4.11536
0.000147521	13.2396
7.75193e-05	-112.289
2.00444e-05	-2.01321
2.72827e-05	-4.53769
4.69962e-05	5.25758
3.89228e-05	-1.98135
0.000197445	-41.4499
0.000159511	-40.8108
7.22e-05	-0.159407
4.17805e-05	19.3311
3.44677e-05	28.7587
3.19533e-05	15.7407
3.30171e-05	29.1942
0.000180833	-47.4386
0.000142687	-19.8461
5.27309e-05	19.6657
0.000212962	-28.7424
2.55353e-06	-1.46484
1.88402e-05	-6.73476
4.48478e-05	9.24206
4.29991e-05	-7.58479
4.48629e-05	-14.3232
6.51671e-05	22.5958
7.41002e-05	7.57119
7.41001e-05	9.90928
0.000101443	5.09483
0.000104458	3.13881
0.000154511	37.5616
0.00017724	40.8584
0.000179681	-0.321683
0.00018105	14.6295
0.000199789	40.4741
0.000252056	38.5727
4.20923e-05	28.909
5.20993e-05	-7.27162
0.000114529	4.46946
0.000157121	-61.7839
0.000173728	-49.5711
7.93092e-05	-6.58322
0.000146407	-43.0222
0.000218321	-3.48591
9.83513e-05	0.785253
8.59127e-05	-11.6655
0.000332321	58.9844
2.7669e-05	0.0813191
5.0992e-05	-10.8421
5.55771e-05	-10.7827
7.32526e-05	1.82191
8.092e-05	8.8145
8.14441e-05	4.23302
0.000126426	27.2682
0.000128308	29.8663
0.000134928	21.327
0.000152675	24.8344
0.000145322	8.70012
0.000153909	45.8523
0.000154966	35.6517
4.39459e-05	1.94317
8.31209e-05	-37.3108
7.39194e-05	-42.9608
0.000103104	-10.1955
0.000153404	-36.2895
5.86751e-05	-2.65943
0.000105042	23.1993
8.77731e-05	9.43572
0.000157161	-15.6356
4.66769e-05	-0.322809
3.77411e-05	24.643
2.64804e-05	48.6678
0.000189998	6.51482
0.000159547	44.2336
0.00014019	-13.4965
7.63471e-05	-12.2697
5.29893e-05	3.11138
0.000100529	-7.86866
0.000179292	36.4604
0.000135114	-53.5754
0.000148398	-30.7535
0.000133545	-18.7659
0.000118369	-15.9034
0.000116162	-24.1056
8.81769e-05	-7.15877
8.85327e-05	-35.4617
7.61318e-05	-22.4363
6.54679e-05	-10.1907
3.89997e-05	10.2475
0.000162433	-9.34611
0.000215004	-25.0859
0.000141676	10.1397
0.000195699	-40.6276
0.000101041	0.391902
9.99046e-05	3.24063
0.00012493	11.4856
0.000204466	-41.6657
8.35558e-05	9.47951
0.000100445	-3.91739
8.0102e-05	19.2818
1.18117e-05	37.0027
3.23384e-05	34.8445
3.43979e-05	17.6333
3.96224e-05	-4.58551
4.11568e-05	26.7001
4.76715e-05	35.5952
7.10204e-05	-17.3902
9.48075e-05	21.1181
0.000110776	-1.16529
0.000108602	5.71871
0.000236757	21.4001
0.000183529	-37.9854
0.000206007	-36.5724
0.000188663	-35.9674
0.000130487	14.7944
0.000109964	3.70156
8.5701e-05	-14.2219
0.000194204	-4.3202
1.88315e-05	31.0641
3.79899e-05	23.7196
5.82036e-05	37.5141
6.15575e-05	-0.401409
6.64647e-05	32.5694
6.97059e-05	19.553
8.84652e-05	25.1891
9.92917e-05	13.2227
0.000105647	9.76426
0.000113555	14.8536
0.000127862	6.57906
0.000149808	35.6187
0.000157621	22.1152
9.47841e-05	-17.7256
8.04599e-05	6.42018
0.00011199	10.8534
1.85789e-05	45.6736
5.30273e-05	45.3657
5.21096e-05	-10.8239
3.71128e-05	4.74261
0.000185918	-0.658826
0.000142759	-18.933
0.000126749	-0.271987
0.00013859	-35.1572
8.95302e-05	-4.50103
7.43334e-05	-19.4156
6.70273e-05	-14.69
5.84526e-05	26.6934
0.000158186	-2.67638
8.87579e-05	-12.7191
4.31957e-05	0.752591
0.000105192	16.1079
0.000106014	8.59551
0.000102093	1.09724
9.70803e-05	27.4965
7.71439e-05	14.8436
5.17521e-05	17.3937
4.91399e-05	35.3278
0.000139654	11.8834
5.3592e-05	32.4899
0.000213016	-40.0416
0.000103877	2.31417
0.000168836	17.3902
3.18388e-05	28.0409
5.29005e-05	-15.6856
6.02202e-05	16.529
5.63061e-05	11.2142
8.9559e-05	0.443945
8.4852e-05	3.08763
9.3942e-05	12.3547
3.87644e-05	7.40813
8.83767e-05	37.5308
0.000111643	13.4546
0.000138101	1.13798
0.000142186	-0.396724
7.39678e-05	48.9021
0.000123716	4.10093
0.000131185	7.70781
6.28839e-05	-15.5736
0.000130973	8.73381
9.0547e-05	13.4588
0.000117273	7.5876
0.00011575	7.92172
0.000178434	0.857514
0.000152141	-1.89172
0.000165291	8.52326
0.000138054	12.3244
0.000136106	29.8014
2.93517e-05	25.6581
5.1667e-05	37.5025
9.5093e-05	-21.7282
0.000117464	-8.92835
0.000112028	9.34872
0.000126902	15.1389
0.000142218	-8.01716
0.000148458	7.76098
0.000164537	30.3836
0.000102501	-3.28748
7.5273e-05	-6.91577
7.22999e-05	-65.1943
5.84002e-05	22.0637
0.000101633	-16.5507
5.00133e-05	-1.06139
4.00996e-05	-1.79164
3.1546e-05	-23.4194
0.000168824	12.0256
0.000162308	-55.9128
0.000140087	-0.708301
0.000123254	8.67335
8.43759e-05	2.55233
7.86136e-05	-19.6812
5.83111e-05	-11.0137
5.34078e-05	23.8723
4.41775e-05	45.1497
0.000154844	25.4759
8.1351e-05	-56.2146
9.68706e-05	-45.4673
3.44846e-05	-30.1833
0.000151519	2.6501
0.000145321	10.6331
0.000126329	-18.7803
0.000120518	13.6501
0.00012034	-22.3717
0.000115498	-15.9142
0.000113763	-16.1018
9.07087e-05	-3.68473
7.54683e-05	0.471126
7.87178e-05	27.5593
7.74858e-05	47.6499
3.4296e-05	-22.7915
6.54717e-05	54.8653
3.40877e-05	-11.6565
9.10531e-05	44.9535
0.000158122	35.2785
0.000242261	-45.2368
0.000233329	-14.3223
9.5981e-05	36.7821
8.58651e-06	4.29588
3.16606e-05	22.6814
1.6788e-05	22.4005
4.9632e-05	-25.7712
9.13183e-05	-6.67291
0.000106389	9.37003
0.000112989	10.7277
0.000121743	17.2034
0.000130645	10.3568
0.000143152	9.79637
0.000210603	0.837791
0.000226272	34.0787
7.32964e-05	-15.4708
0.000128784	44.2987
0.000103711	18.9849
6.86188e-05	1.13373
7.87776e-05	2.18028
0.000103711	20.0285
0.000100581	20.7133
6.98758e-05	9.81735
8.03561e-05	5.73504
0.000139463	8.57481
9.91719e-05	16.9863
9.3858e-05	18.8104
1.44188e-05	29.2499
3.0081e-05	28.7132
2.94585e-05	23.7622
5.33743e-05	-2.40968
6.24412e-05	19.4489
7.03414e-05	17.7566
8.47492e-05	33.8015
9.82658e-05	1.11297
8.45574e-05	-12.8598
9.2254e-05	21.6542
0.000140777	39.8936
0.000151544	3.58405
0.000164577	49.4836
5.21858e-05	-46.9835
0.000117281	-35.5046
0.000118355	-34.219
0.000101655	-12.1811
0.000192887	-21.6337
0.00016726	-5.66532
0.000143964	0.447244
0.00011511	50.5381
8.37894e-05	-6.39068
7.0791e-05	14.388
3.20757e-05	22.9207
7.54296e-05	-66.4407
3.7335e-05	-26.2876
5.21155e-05	-36.6707
3.92151e-05	-21.2442
3.80072e-05	-40.6325
0.000271543	-21.4065
0.000164829	46.4691
0.000145609	27.9151
0.000146841	30.4795
0.000126307	6.46021
0.000137322	41.422
0.000125772	30.4322
0.000115678	-19.5359
0.000114766	2.1433
9.88933e-05	-8.4912
8.85367e-05	-22.9269
7.21248e-05	-33.7243
5.96201e-05	-36.6685
0.000173058	9.91211
7.49959e-05	-9.22452
6.42726e-05	-22.7364
7.68694e-05	-17.7155
0.00026453	-9.75188
2.10362e-05	-2.41391
3.65952e-05	9.66443
5.72755e-05	-3.91582
6.09791e-05	7.10778
0.000102657	-6.99668
0.000153514	-7.17945
0.00017662	40.6813
0.000180207	-3.7495
2.70797e-05	20.3476
0.000175189	-19.4424
0.000162552	8.68447
0.000140143	-37.2526
0.000205383	24.2222
4.99363e-05	49.5985
5.19115e-05	59.1554
5.81818e-05	51.375
6.75984e-05	22.06
9.15738e-05	35.2806
8.77828e-05	11.449
9.35538e-05	-6.04958
9.95428e-05	5.70433
0.000118623	22.1581
0.000128308	32.3317
0.000147772	31.4977
0.000120268	-65.8864
8.07308e-05	34.8546
0.00013535	-47.9329
7.14621e-05	18.7202
0.000189591	2.94591
0.000133234	-17.3813
0.000174669	13.1413
0.000152483	6.10436
0.000172957	29.8607
5.21128e-05	16.8499
0.000233418	-42.0128
0.000164137	38.5472
0.00015248	8.45075
0.000132952	0.184219
6.94091e-05	13.3776
7.45017e-05	34.1508
3.01188e-05	58.4506
6.96366e-05	-29.379
0.000109458	-93.0122
7.23246e-05	9.66035
7.10083e-05	20.3419
3.31926e-05	-25.3373
0.000127138	12.9987
0.000107535	-35.2305
9.45139e-05	-24.8031
0.000102937	-26.1608
0.000100794	-48.3127
9.24333e-05	-15.2254
7.89207e-05	-15.4744
3.52605e-05	2.43962
6.56147e-05	-4.12027
7.87167e-05	-0.120183
0.000220354	-23.7818
0.000201164	-12.4235
0.000108683	8.0951
4.89748e-06	16.3751
1.86305e-05	45.7886
4.77845e-05	43.5181
5.63105e-05	33.7212
5.883e-05	10.5466
8.39327e-05	-0.397185
9.8173e-05	-5.61486
0.000122537	-6.15297
0.00010907	-0.808401
0.000121203	-32.2645
0.000148551	-9.63488
0.000146305	-27.5412
4.26356e-05	39.7634
0.000115354	-22.705
0.000137103	-42.8167
5.30046e-05	46.5064
6.29799e-05	12.2347
9.30276e-05	-5.92981
0.00012026	-6.80816
1.54232e-05	21.7293
6.14613e-05	13.909
5.81362e-05	32.7652
7.28976e-05	0.328511
0.000117547	-7.37743
0.000115157	42.8021
0.000124423	8.68078
0.000128232	49.0617
0.000161125	16.6506
0.000168102	31.3805
0.000182431	21.981
0.000184625	16.2587
0.000188727	21.6368
4.25742e-05	7.38628
5.29627e-05	15.9199
4.39042e-05	30.6967
0.000108228	-5.02797
8.30243e-05	-15.2509
7.0837e-05	7.6258
0.000116752	6.95437
6.97041e-05	-3.68304
5.63787e-05	24.4754
0.000129128	27.3765
0.000170459	-19.4591
0.000160768	12.7941
0.000140682	-3.87553
0.000193939	12.3072
0.000124544	-22.55
6.96568e-05	2.64647
0.000187008	11.1126
4.59196e-05	26.2864
0.000260162	-14.2453
0.000235404	-44.2661
0.000181771	-21.9555
0.000155945	-56.2359
0.000145811	16.2483
0.000101389	-18.4244
0.000111582	-31.8661
0.000100338	16.6972
8.04042e-05	-30.6871
6.72105e-05	7.00024
4.43441e-05	-2.40053
3.43959e-05	18.6738
5.9937e-05	8.21911
6.6475e-05	-11.4669
0.000108639	-31.9077
0.00011942	-10.3322
0.000126366	-19.8155
0.000119641	-10.1545
6.27661e-05	-0.684905
0.000131109	-80.0647
5.72232e-05	-3.45797
1.36547e-05	17.3888
4.31244e-05	-17.5514
4.91485e-05	-9.12422
4.72921e-05	6.60633
3.89867e-05	-0.139594
0.000190689	-4.65154
0.000194306	-35.3447
0.000193943	-10.0642
0.000136823	-14.4521
7.318e-05	-16.5154
5.47838e-05	-19.3162
3.29049e-05	29.4029
5.41938e-05	-4.08975
3.52619e-05	27.6993
0.000193251	-9.34595
9.40722e-05	-5.77763
0.000213437	20.3544
0.000165667	-28.4873
0.00016645	-42.4076
4.25786e-06	4.36369
2.46019e-05	28.8741
1.12668e-05	28.7539
3.06269e-05	38.2075
3.09442e-05	51.0889
5.37099e-05	41.7113
0.000120769	-13.9043
0.000117273	-10.033
0.000121663	12.5185
0.000124789	-27.6102
0.000147864	-20.2885
0.000171742	12.0767
4.41561e-05	18.4081
3.80198e-05	22.573
6.90197e-05	-36.3977
0.000214467	46.5875
0.000262414	25.3275
2.13229e-05	25.8519
5.46128e-05	17.4797
8.18283e-05	24.3375
8.2779e-05	3.1734
9.20026e-05	4.79203
8.21953e-05	-6.93822
0.000110412	38.7542
0.000130628	16.0066
0.000131772	-6.47381
0.000161749	41.3675
0.000191025	26.2876
0.000231512	21.7185
3.73926e-05	24.6857
0.00011262	7.12548
8.23789e-05	-16.8134
6.52853e-05	-14.1641
0.000181931	-59.6176
0.000109973	-15.6041
0.000144765	-6.11306
0.000160518	15.4778
0.000124544	14.5196
0.000127543	19.9729
0.000166095	15.6923
0.000201623	-2.93846
0.000124916	17.4055
0.000103022	12.663
0.000176082	38.0974
0.000113326	12.3227
0.000178477	34.7352
5.98386e-05	31.4072
2.33665e-05	22.4464
2.38305e-05	16.4244
7.26744e-06	0.913765
4.23599e-05	-2.85209
4.83617e-05	6.56898
0.000205934	-8.61955
0.000185036	-44.1245
0.000141129	-16.6133
0.000105314	-57.2234
9.0976e-05	-17.7141
8.35176e-05	-26.5796
7.4645e-05	-0.552415
4.76796e-05	-7.87872
2.53208e-05	21.8007
4.9816e-05	-5.9186
6.60023e-05	4.74176
0.00014767	-8.84716
7.27625e-05	-7.98234
0.000126414	-25.0118
0.000105308	12.9288
7.13843e-05	-11.1461
0.000104426	5.70158
6.87767e-05	-4.78992
1.3986e-05	-6.8065
6.08534e-05	-19.7632
4.58282e-05	4.44764
4.70324e-05	-18.029
4.30153e-05	8.56226
3.72807e-05	-12.6388
2.72639e-05	-9.48119
0.000176094	-41.8092
0.000171632	-25.397
0.000152083	-20.2982
0.000152465	-13.6305
9.88777e-05	-30.2323
0.000115652	-8.36217
0.000128906	10.176
0.000146391	13.7645
1.73873e-05	11.096
8.99291e-05	3.43762
0.000123032	-7.46036
0.000148733	-16.214
2.67719e-05	47.8755
0.0001424	-26.6313
9.81889e-05	50.7214
1.02295e-05	-0.0264458
2.4067e-05	-0.0301994
2.74671e-05	13.8901
2.60769e-05	-8.34752
3.42555e-05	25.7068
9.29328e-05	-2.15816
0.000118754	30.2714
0.000151611	20.8118
0.000220232	14.3382
0.000238788	15.3526
4.31974e-05	-9.44909
4.07999e-05	-14.0382
0.000170658	-2.40807
0.000155371	-31.0496
0.000109649	-2.99069
0.000213108	-16.0303
0.000129451	-1.39811
0.000176868	13.3589
0.000152722	11.5078
0.000173604	10.0659
0.000105033	-12.8473
0.000197928	6.79141
0.0001825	8.14901
0.000162835	23.7399
0.000144154	8.94504
0.000102827	23.3354
0.000165668	-1.22061
0.000105681	9.90724
1.91931e-05	16.5615
1.19558e-05	25.899
6.76043e-05	-15.2148
3.94534e-05	29.1369
5.3837e-05	-19.6827
0.000178145	-7.28864
0.000178531	-47.1706
0.000123298	-41.0679
0.000147924	-12.5304
9.46688e-05	-16.3737
8.17842e-05	-15.6205
7.86026e-05	-14.1501
8.08116e-05	-12.5257
2.85054e-05	5.33631
5.22171e-05	-0.723376
0.000119002	-25.9247
7.69131e-05	-8.09247
7.03397e-05	5.66669
0.000150647	-36.1006
0.00014334	-36.3425
0.000168799	-43.9046
8.35047e-05	13.9237
4.83056e-05	-26.1357
0.000210571	-29.9463
5.75755e-05	-6.50768
8.83368e-05	-5.42688
9.33669e-05	-9.44383
9.06018e-06	31.3172
4.32233e-05	-12.5717
8.81226e-05	16.7814
0.000104263	31.4753
9.64903e-05	41.9116
0.000120182	-29.3611
0.000130852	2.41051
0.000144547	-27.654
5.40591e-05	57.5461
6.21086e-05	63.4174
0.000135404	-21.221
0.000201262	-4.24709
3.965e-06	-11.4501
1.94159e-05	-15.4927
4.99976e-05	-3.83432
5.97191e-05	9.86463
6.71257e-05	5.76398
8.14173e-05	-3.2618
8.95847e-05	16.5533
0.000113423	-2.21186
0.00011332	-14.805
0.00017607	-10.1438
0.000188825	-3.20203
3.99699e-05	-21.5897
0.000227156	-7.58478
6.62323e-05	-6.31841
8.06231e-05	6.11219
0.000181757	-20.0013
0.00010302	-9.2226
6.10315e-05	-23.6032
0.000168199	-15.4852
9.77964e-05	32.5334
0.000105515	-3.17367
5.67972e-05	-2.50454
1.65087e-05	1.87667
2.58145e-05	53.4963
3.50822e-05	53.4504
0.000264977	-19.7914
9.58004e-05	-26.0944
8.84697e-05	0.459889
7.48479e-05	-23.5228
3.614e-05	19.6726
9.17316e-05	-22.8072
8.73803e-05	-19.2682
2.38287e-05	50.7208
9.88203e-05	50.6906
2.89634e-05	41.6858
2.27307e-05	29.3507
3.13946e-05	1.90481
3.7089e-05	-2.37246
4.83389e-05	22.8992
7.14704e-05	30.5084
8.8396e-05	-2.84054
8.76298e-05	42.082
9.73891e-05	42.7905
0.000147284	-14.5438
0.000155205	7.01786
6.54153e-05	89.7441
9.84705e-05	75.1552
0.000199392	-10.2833
2.00932e-05	-8.54768
3.74801e-05	36.8019
7.81745e-05	41.999
5.0938e-05	2.72136
5.39488e-05	14.7857
9.89026e-05	14.3243
0.00013809	-29.0457
3.85451e-05	-6.62071
4.82942e-05	6.06131
0.000220619	-37.1842
6.4252e-05	4.90229
0.000219528	-47.1194
0.000113348	-30.7378
6.50529e-05	15.6684
0.000166904	-27.8751
7.18857e-05	8.02056
0.000107679	-30.0903
0.000226302	-3.02058
0.000265288	6.86016
0.000265929	21.4805
0.000112028	-34.9041
2.17856e-05	19.0287
2.34657e-05	25.8354
1.09489e-05	22.5284
4.1602e-05	35.3589
3.86884e-05	10.5523
3.17652e-05	22.7842
0.000207752	-31.1578
0.000156629	-33.6069
0.000136958	-60.9077
0.000111442	-20.3598
0.000108027	-66.2307
9.35598e-05	-35.6313
7.68507e-05	8.48096
6.62985e-05	1.69382
0.000113163	-13.0735
8.81885e-05	-16.3086
0.00013198	15.2712
6.00137e-05	-10.1912
1.37405e-05	47.7738
2.27334e-05	44.4345
4.84352e-05	38.8203
2.78767e-05	61.2317
2.60687e-05	77.2324
9.92673e-05	-3.28973
4.68162e-05	67.8693
1.17945e-05	-22.5602
2.58986e-05	-24.8859
2.58475e-05	4.12283
5.93795e-05	1.60538
6.80566e-05	7.86907
7.02868e-05	20.9544
0.000105347	21.8663
0.00015281	-12.0017
0.000175245	-4.57418
3.58862e-05	-18.2401
4.29402e-05	8.58012
3.01652e-05	14.4912
3.39994e-05	-4.40296
0.000124909	83.0421
0.000113753	84.1204
2.11447e-05	3.57468
2.14413e-05	9.25309
1.08996e-05	28.7352
3.50431e-05	39.4293
3.88789e-05	4.1084
4.45333e-05	32.6652
4.35572e-05	5.15492
7.41546e-05	2.97344
0.000275118	33.099
2.43934e-05	37.2517
4.01541e-05	40.1271
3.83739e-05	60.5187
6.05332e-05	47.9145
0.000217071	-32.3218
8.60811e-05	38.5845
0.000224484	-17.0336
0.000111655	23.7912
5.37028e-05	12.1218
0.0002486	-18.6737
0.000157746	27.6738
5.0992e-05	12.154
0.000222736	20.9267
0.000121454	50.1103
8.28178e-05	17.1855
4.17044e-05	-23.6564
3.79195e-05	-11.8159
0.0002061	-46.1695
0.000194508	-33.7755
0.000195048	-42.2592
0.000152396	-59.1096
0.000148507	-36.5471
0.000132302	-39.071
0.000115435	-12.18
0.000124103	2.8249
0.000136107	-51.4319
0.000128338	12.4638
0.000127618	-35.1831
0.000102112	-17.5664
9.68686e-05	-46.6154
9.20099e-05	9.07717
7.15314e-05	-22.1909
4.68228e-05	-33.0836
7.84919e-05	-22.9168
6.26338e-05	-37.2339
0.000101474	8.11029
0.000109529	54.1814
9.79501e-06	8.15755
1.75272e-05	-30.2874
0.000148507	-44.1983
0.000116694	-56.0192
9.00371e-05	-40.4732
7.5359e-05	-61.332
6.79913e-05	-39.0756
7.38268e-05	-18.6862
5.57478e-05	-34.4601
8.03455e-05	94.826
6.52961e-06	21.9994
1.38829e-05	-18.6692
8.45736e-06	43.7764
1.59042e-05	-18.6463
1.82475e-05	42.8985
7.80936e-05	-7.78715
8.52984e-05	-38.3599
0.000100255	13.2357
0.000100513	17.2495
0.000131241	-3.61673
0.000116783	-18.357
3.37617e-05	-4.73662
2.43899e-05	18.2866
2.77475e-05	10.5203
7.68655e-05	-2.22334
8.50231e-05	-36.48
9.34155e-05	-24.8036
0.000112007	-12.0343
0.000142756	11.9406
0.000179562	16.1289
0.000192273	55.7567
0.000184625	17.5806
0.000262357	33.2498
0.000172652	12.2161
0.000114993	35.5352
9.49169e-05	10.432
8.55977e-05	-12.7988
6.02136e-05	11.7376
0.000120708	44.7088
0.0001948	31.54
9.23799e-05	9.24081
0.000135132	38.3407
3.5951e-05	6.64124
2.78877e-05	30.5893
1.44537e-05	22.9282
5.12163e-05	-19.7235
4.97274e-05	-7.44834
4.51363e-05	3.32951
0.00020017	-8.78698
0.000129408	-15.9852
9.99293e-05	-2.6715
9.42358e-05	-33.1918
7.33721e-05	-29.5659
7.66567e-05	1.65437
6.73201e-05	-5.15072
6.29262e-05	-31.1189
6.3892e-05	1.69176
3.26964e-05	12.906
4.13328e-05	7.04059
0.000279695	-30.3508
0.000203862	-11.9166
7.55932e-05	-12.4866
0.000121157	-9.05756
0.000107177	10.9403
1.54075e-05	24.4196
0.000128752	-56.2858
0.000109197	0.221861
6.78998e-05	28.5776
5.31041e-05	3.27451
6.45997e-05	23.0907
0.000105317	-8.93096
5.60154e-05	-6.98865
4.5987e-06	46.8356
5.85468e-05	27.6586
5.81362e-05	19.6882
7.03365e-05	0.0179651
0.000134708	44.5437
0.000175176	-28.1023
0.000180498	-10.1162
4.92183e-05	64.6584
5.80935e-05	77.6059
6.89279e-05	77.7313
8.20536e-05	33.2468
9.18748e-05	43.036
0.000111486	60.1672
0.000127466	43.0176
0.000140208	54.0905
0.000173508	56.2067
0.000164069	50.6257
0.000173636	62.286
0.000238596	20.8077
0.00025472	31.75
0.000241734	40.3016
0.0002777	53.1679
2.2346e-05	46.0872
9.53262e-05	41.7499
0.000163654	32.1108
0.000158696	74.6341
0.000272929	35.9278
0.00017306	38.3709
0.000186148	23.1423
3.50679e-05	-4.84322
7.52514e-06	37.3993
0.000149935	23.0797
0.000140274	-3.97797
0.000123106	32.8181
0.000119072	15.2179
0.000112685	-23.9591
9.89325e-05	-11.8778
8.41736e-05	-4.11388
3.16891e-05	19.2307
2.58943e-05	29.8862
0.00013806	17.5399
6.59291e-05	-31.8841
2.15694e-05	14.9561
0.000135586	14.4224
0.000120434	-7.2998
0.000101486	10.525
0.000110333	-2.26167
5.8833e-05	3.12942
8.43618e-05	10.6328
0.000285863	-1.10777
8.80709e-05	-39.5609
2.58071e-05	-29.6709
2.43701e-05	-18.967
3.87235e-05	-14.0123
6.1454e-05	-36.2
7.2807e-05	-28.8908
7.91614e-05	-40.918
4.27683e-05	-32.5931
5.9586e-05	-24.6623
8.46315e-06	-16.1901
1.62738e-05	16.3075
4.51561e-05	-7.84459
5.00932e-05	-13.1327
4.59918e-05	-42.5259
8.34374e-05	-12.2691
0.000108845	16.4789
0.00012022	-27.2913
0.000123312	-4.46358
0.000125678	5.2537
0.000142125	-39.6421
0.000144695	17.9456
0.000142899	1.41336
0.000151348	-47.7058
0.000163726	5.53037
5.08748e-05	10.7066
3.25399e-05	-9.61414
0.000186372	-35.305
0.000126355	0.914363
6.17652e-05	22.2759
0.000152729	0.752593
0.000210604	2.73849
0.000192247	-16.1125
0.000197205	6.61891
0.000153275	-2.28972
0.000179284	8.78716
0.00016645	-6.2846
0.000239768	34.0237
2.78022e-05	13.8498
5.06059e-05	23.3748
4.8603e-05	22.3703
5.53122e-05	36.3938
0.000136607	-0.921076
0.000119765	-29.9496
0.000100212	40.3764
7.50629e-05	21.397
3.58925e-05	31.1436
4.44019e-05	7.60276
7.5262e-05	8.51028
6.16316e-05	27.181
0.000103707	-15.5095
0.000139286	-21.3586
0.000165674	-42.9727
4.7066e-05	27.3852
3.50484e-05	3.01842
0.00010226	34.592
6.06456e-05	-2.45737
9.3887e-05	20.6754
7.3576e-05	-5.42555
0.000109926	31.7918
0.000136644	19.8738
9.18398e-05	-6.76854
1.85077e-05	-31.2611
6.27954e-05	-15.2207
8.81435e-05	-25.7444
0.000120492	-19.276
0.000147736	-19.8617
3.99623e-05	-29.7791
6.38956e-05	52.9027
6.77937e-05	48.1938
8.3954e-05	64.2444
6.72432e-05	38.6128
8.99874e-05	47.9979
0.000126325	52.4197
0.000188179	36.8324
0.000188806	38.7047
0.000230406	25.6397
0.000259596	41.559
0.000250337	31.0422
0.000245866	18.9994
0.000192686	3.02673
4.51936e-05	19.8275
0.000202176	-3.22035
0.000121601	42.685
0.000224609	47.9369
0.000124544	38.8737
2.59148e-05	21.4974
9.84712e-06	16.7015
4.91028e-05	4.3729
4.52275e-05	13.2862
0.000207766	-2.18591
0.000178033	13.2203
0.000126429	30.5609
9.29762e-05	27.9559
6.62396e-05	0.165848
0.000137745	-1.99812
0.000110334	20.2003
0.00014297	-6.2355
0.000126381	-0.150067
2.95889e-05	-11.9061
1.6984e-05	25.16
3.93089e-05	21.6527
3.97944e-05	31.7892
0.000118868	39.0217
9.26804e-05	-12.8151
8.32906e-05	25.9007
6.27498e-05	10.8651
7.46054e-05	20.5381
0.000127611	18.4964
0.000180496	-15.3114
1.85713e-05	9.34945
4.47307e-05	8.07214
5.07459e-05	32.8152
6.75059e-05	30.9817
8.89391e-05	-6.41962
9.38482e-05	53.0675
9.92911e-05	3.77805
0.000160643	-26.863
3.02772e-05	-19.4533
4.98638e-05	-5.83312
6.03147e-05	-2.90606
1.03024e-05	37.8665
4.13723e-05	58.2775
4.27012e-05	61.4369
5.2592e-05	34.3143
5.6998e-05	44.5162
7.66857e-05	56.768
8.40267e-05	61.7224
0.000104073	54.905
0.000122543	59.1793
0.000201165	-18.8895
0.000222969	65.9462
0.000242845	40.4046
0.000223267	15.3012
0.000257574	69.972
0.000291444	80.5466
4.53152e-05	-4.06296
2.85811e-05	37.8172
0.000172852	-1.24587
9.69644e-05	43.5278
7.42067e-05	50.1376
0.000174025	58.8667
0.00023273	58.3213
0.000100513	47.1922
0.000180183	44.5913
0.000117765	29.7384
0.000101574	26.682
0.000138101	11.8993
9.12473e-05	-12.4329
7.05869e-05	19.7673
6.3437e-05	28.9538
9.68514e-05	18.0476
9.02176e-05	9.25356
6.77228e-05	-6.12627
0.00019034	-10.8743
0.00017689	-1.01969
1.57028e-05	-7.17268
0.0001326	21.8851
0.000128904	-11.0026
0.000103372	20.5182
3.62491e-05	49.7271
0.000104331	20.0509
0.000144276	-41.5734
4.5987e-06	46.8356
5.85468e-05	27.6586
5.81362e-05	19.6882
7.03365e-05	0.0179651
0.000134708	44.5437
0.000175176	-28.1023
0.000180498	-10.1162
4.92183e-05	64.6584
5.80935e-05	77.6059
6.89279e-05	77.7313
8.20536e-05	33.2468
9.18748e-05	43.036
0.000111486	60.1672
0.000127466	43.0176
0.000140208	54.0905
0.000173508	56.2067
0.000164069	50.6257
0.000173636	62.286
0.000238596	20.8077
0.00025472	31.75
0.000241734	40.3016
0.0002777	53.1679
2.2346e-05	46.0872
9.53262e-05	41.7499
0.000163654	32.1108
0.000158696	74.6341
0.000272929	35.9278
0.00017306	38.3709
0.000186148	23.1423
3.50679e-05	-4.84322
7.52514e-06	37.3993
0.000149935	23.0797
0.000140274	-3.97797
0.000123106	32.8181
0.000119072	15.2179
0.000112685	-23.9591
9.89325e-05	-11.8778
8.41736e-05	-4.11388
3.16891e-05	19.2307
2.58943e-05	29.8862
0.00013806	17.5399
6.59291e-05	-31.8841
2.15694e-05	14.9561
0.000135586	14.4224
0.000120434	-7.2998
0.000101486	10.525
0.000110333	-2.26167
5.8833e-05	3.12942
8.43618e-05	10.6328
0.000285863	-1.10777
8.80709e-05	-39.5609
