2.00839e-05 2.22952e-06 10
2.00839e-05 2.97921e-06 24
2.00839e-05 3.72891e-06 35
2.00839e-05 4.4786e-06 62
2.00839e-05 5.2283e-06 59
2.00839e-05 5.97799e-06 51
2.00839e-05 6.72768e-06 22
2.00839e-05 7.47738e-06 19
2.00839e-05 8.22707e-06 24
2.00839e-05 8.97677e-06 9
2.00839e-05 9.72646e-06 5
2.00839e-05 1.04762e-05 5
2.00839e-05 1.12258e-05 4
2.00839e-05 1.19755e-05 2
2.00839e-05 1.27252e-05 3
2.00839e-05 1.34749e-05 0
2.00839e-05 1.42246e-05 0
2.00839e-05 1.49743e-05 2
2.00839e-05 1.5724e-05 2
2.00839e-05 1.64737e-05 1
