0.000195622 5.94216e-06 1
0.000195622 6.56577e-06 0
0.000195622 7.18938e-06 5
0.000195622 7.813e-06 2
0.000195622 8.43661e-06 3
0.000195622 9.06022e-06 6
0.000195622 9.68383e-06 9
0.000195622 1.03074e-05 5
0.000195622 1.09311e-05 9
0.000195622 1.15547e-05 7
0.000195622 1.21783e-05 7
0.000195622 1.28019e-05 7
0.000195622 1.34255e-05 7
0.000195622 1.40491e-05 7
0.000195622 1.46727e-05 6
0.000195622 1.52963e-05 0
0.000195622 1.592e-05 3
0.000195622 1.65436e-05 4
0.000195622 1.71672e-05 3
0.000195622 1.77908e-05 2
