0.000107853 4.11993e-06 6
0.000107853 4.90956e-06 14
0.000107853 5.69919e-06 22
0.000107853 6.48882e-06 36
0.000107853 7.27844e-06 53
0.000107853 8.06807e-06 35
0.000107853 8.8577e-06 44
0.000107853 9.64733e-06 34
0.000107853 1.0437e-05 35
0.000107853 1.12266e-05 24
0.000107853 1.20162e-05 22
0.000107853 1.28058e-05 22
0.000107853 1.35955e-05 22
0.000107853 1.43851e-05 17
0.000107853 1.51747e-05 6
0.000107853 1.59644e-05 5
0.000107853 1.6754e-05 8
0.000107853 1.75436e-05 4
0.000107853 1.83332e-05 1
0.000107853 1.91229e-05 4
