9.02992e-05 3.77869e-06 2
9.02992e-05 4.582e-06 21
9.02992e-05 5.38531e-06 27
9.02992e-05 6.18862e-06 40
9.02992e-05 6.99193e-06 47
9.02992e-05 7.79524e-06 48
9.02992e-05 8.59855e-06 43
9.02992e-05 9.40186e-06 50
9.02992e-05 1.02052e-05 35
9.02992e-05 1.10085e-05 29
9.02992e-05 1.18118e-05 26
9.02992e-05 1.26151e-05 15
9.02992e-05 1.34184e-05 12
9.02992e-05 1.42217e-05 6
9.02992e-05 1.5025e-05 10
9.02992e-05 1.58283e-05 12
9.02992e-05 1.66317e-05 6
9.02992e-05 1.7435e-05 4
9.02992e-05 1.82383e-05 5
9.02992e-05 1.90416e-05 5
