0.000178068 5.4946e-06 2
0.000178068 6.1993e-06 1
0.000178068 6.904e-06 6
0.000178068 7.6087e-06 5
0.000178068 8.3134e-06 6
0.000178068 9.0181e-06 12
0.000178068 9.7228e-06 14
0.000178068 1.04275e-05 11
0.000178068 1.11322e-05 10
0.000178068 1.18369e-05 13
0.000178068 1.25416e-05 20
0.000178068 1.32463e-05 10
0.000178068 1.3951e-05 22
0.000178068 1.46557e-05 8
0.000178068 1.53604e-05 5
0.000178068 1.60651e-05 5
0.000178068 1.67698e-05 6
0.000178068 1.74745e-05 4
0.000178068 1.81792e-05 3
0.000178068 1.88839e-05 2
