0.000336053 1.66221e-05 1
0.000336053 1.66221e-05 1
0.000336053 1.66221e-05 1
0.000336053 1.66221e-05 1
0.000336053 1.66221e-05 1
0.000336053 1.66221e-05 1
0.000336053 1.66221e-05 1
0.000336053 1.66221e-05 1
0.000336053 1.66221e-05 1
0.000336053 1.66221e-05 1
0.000336053 1.66221e-05 1
0.000336053 1.66221e-05 1
0.000336053 1.66221e-05 1
0.000336053 1.66221e-05 1
0.000336053 1.66221e-05 1
0.000336053 1.66221e-05 1
0.000336053 1.66221e-05 1
0.000336053 1.66221e-05 1
0.000336053 1.66221e-05 1
0.000336053 1.66221e-05 1
