0.000125407 4.46369e-06 4
0.000125407 5.20837e-06 14
0.000125407 5.95304e-06 27
0.000125407 6.69772e-06 23
0.000125407 7.44239e-06 26
0.000125407 8.18707e-06 42
0.000125407 8.93174e-06 30
0.000125407 9.67642e-06 34
0.000125407 1.04211e-05 29
0.000125407 1.11658e-05 35
0.000125407 1.19104e-05 29
0.000125407 1.26551e-05 21
0.000125407 1.33998e-05 20
0.000125407 1.41445e-05 19
0.000125407 1.48891e-05 8
0.000125407 1.56338e-05 10
0.000125407 1.63785e-05 4
0.000125407 1.71232e-05 6
0.000125407 1.78678e-05 10
0.000125407 1.86125e-05 2
