0.000300945 1.49639e-05 1
0.000300945 1.52092e-05 0
0.000300945 1.54545e-05 0
0.000300945 1.56998e-05 0
0.000300945 1.5945e-05 0
0.000300945 1.61903e-05 0
0.000300945 1.64356e-05 0
0.000300945 1.66809e-05 0
0.000300945 1.69262e-05 0
0.000300945 1.71715e-05 0
0.000300945 1.74168e-05 0
0.000300945 1.7662e-05 0
0.000300945 1.79073e-05 0
0.000300945 1.81526e-05 0
0.000300945 1.83979e-05 0
0.000300945 1.86432e-05 0
0.000300945 1.88885e-05 0
0.000300945 1.91337e-05 0
0.000300945 1.9379e-05 0
0.000300945 1.96243e-05 1
