0.000213176 7.69694e-06 4
0.000213176 8.2797e-06 2
0.000213176 8.86246e-06 5
0.000213176 9.44521e-06 3
0.000213176 1.0028e-05 3
0.000213176 1.06107e-05 5
0.000213176 1.11935e-05 5
0.000213176 1.17762e-05 2
0.000213176 1.2359e-05 6
0.000213176 1.29418e-05 2
0.000213176 1.35245e-05 1
0.000213176 1.41073e-05 1
0.000213176 1.469e-05 3
0.000213176 1.52728e-05 2
0.000213176 1.58556e-05 3
0.000213176 1.64383e-05 1
0.000213176 1.70211e-05 3
0.000213176 1.76038e-05 1
0.000213176 1.81866e-05 2
0.000213176 1.87693e-05 2
