3.76377e-05 2.77814e-06 16
3.76377e-05 3.63775e-06 28
3.76377e-05 4.49736e-06 47
3.76377e-05 5.35696e-06 73
3.76377e-05 6.21657e-06 45
3.76377e-05 7.07618e-06 55
3.76377e-05 7.93579e-06 34
3.76377e-05 8.7954e-06 31
3.76377e-05 9.655e-06 18
3.76377e-05 1.05146e-05 12
3.76377e-05 1.13742e-05 12
3.76377e-05 1.22338e-05 6
3.76377e-05 1.30934e-05 4
3.76377e-05 1.3953e-05 2
3.76377e-05 1.48127e-05 3
3.76377e-05 1.56723e-05 0
3.76377e-05 1.65319e-05 0
3.76377e-05 1.73915e-05 1
3.76377e-05 1.82511e-05 1
3.76377e-05 1.91107e-05 2
