0.000265838 1.14226e-05 1
0.000265838 1.17995e-05 0
0.000265838 1.21765e-05 0
0.000265838 1.25534e-05 0
0.000265838 1.29303e-05 0
0.000265838 1.33073e-05 0
0.000265838 1.36842e-05 1
0.000265838 1.40611e-05 2
0.000265838 1.44381e-05 0
0.000265838 1.4815e-05 0
0.000265838 1.51919e-05 0
0.000265838 1.55689e-05 1
0.000265838 1.59458e-05 0
0.000265838 1.63228e-05 0
0.000265838 1.66997e-05 0
0.000265838 1.70766e-05 0
0.000265838 1.74536e-05 0
0.000265838 1.78305e-05 0
0.000265838 1.82074e-05 0
0.000265838 1.85844e-05 2
