5.51915e-05 2.89603e-06 2
5.51915e-05 3.6171e-06 10
5.51915e-05 4.33817e-06 19
5.51915e-05 5.05924e-06 35
5.51915e-05 5.7803e-06 61
5.51915e-05 6.50137e-06 51
5.51915e-05 7.22244e-06 56
5.51915e-05 7.94351e-06 36
5.51915e-05 8.66458e-06 44
5.51915e-05 9.38565e-06 23
5.51915e-05 1.01067e-05 17
5.51915e-05 1.08278e-05 15
5.51915e-05 1.15489e-05 10
5.51915e-05 1.22699e-05 10
5.51915e-05 1.2991e-05 7
5.51915e-05 1.37121e-05 5
5.51915e-05 1.44331e-05 6
5.51915e-05 1.51542e-05 3
5.51915e-05 1.58753e-05 2
5.51915e-05 1.65963e-05 2
