0.000248284 1.09515e-05 1
0.000248284 1.13729e-05 0
0.000248284 1.17943e-05 1
0.000248284 1.22157e-05 2
0.000248284 1.26371e-05 1
0.000248284 1.30586e-05 1
0.000248284 1.348e-05 1
0.000248284 1.39014e-05 0
0.000248284 1.43228e-05 0
0.000248284 1.47442e-05 1
0.000248284 1.51656e-05 2
0.000248284 1.5587e-05 0
0.000248284 1.60084e-05 1
0.000248284 1.64298e-05 1
0.000248284 1.68512e-05 1
0.000248284 1.72726e-05 1
0.000248284 1.76941e-05 2
0.000248284 1.81155e-05 1
0.000248284 1.85369e-05 0
0.000248284 1.89583e-05 1
