7.27454e-05 3.27008e-06 2
7.27454e-05 4.09959e-06 15
7.27454e-05 4.92909e-06 30
7.27454e-05 5.7586e-06 44
7.27454e-05 6.5881e-06 51
7.27454e-05 7.41761e-06 75
7.27454e-05 8.24712e-06 51
7.27454e-05 9.07662e-06 48
7.27454e-05 9.90613e-06 38
7.27454e-05 1.07356e-05 29
7.27454e-05 1.15651e-05 16
7.27454e-05 1.23946e-05 10
7.27454e-05 1.32242e-05 14
7.27454e-05 1.40537e-05 6
7.27454e-05 1.48832e-05 6
7.27454e-05 1.57127e-05 3
7.27454e-05 1.65422e-05 7
7.27454e-05 1.73717e-05 3
7.27454e-05 1.82012e-05 0
7.27454e-05 1.90307e-05 2
