0.000283391 1.10369e-05 1
0.000283391 1.10625e-05 0
0.000283391 1.10881e-05 0
0.000283391 1.11137e-05 0
0.000283391 1.11393e-05 0
0.000283391 1.11649e-05 0
0.000283391 1.11905e-05 0
0.000283391 1.12161e-05 0
0.000283391 1.12417e-05 0
0.000283391 1.12673e-05 0
0.000283391 1.12929e-05 0
0.000283391 1.13185e-05 0
0.000283391 1.13441e-05 0
0.000283391 1.13697e-05 0
0.000283391 1.13953e-05 0
0.000283391 1.14209e-05 0
0.000283391 1.14465e-05 0
0.000283391 1.14721e-05 0
0.000283391 1.14977e-05 0
0.000283391 1.15233e-05 1
