0.000142961 4.81245e-06 3
0.000142961 5.53988e-06 5
0.000142961 6.26732e-06 12
0.000142961 6.99475e-06 14
0.000142961 7.72218e-06 26
0.000142961 8.44961e-06 16
0.000142961 9.17705e-06 25
0.000142961 9.90448e-06 31
0.000142961 1.06319e-05 38
0.000142961 1.13593e-05 20
0.000142961 1.20868e-05 24
0.000142961 1.28142e-05 30
0.000142961 1.35416e-05 13
0.000142961 1.42691e-05 10
0.000142961 1.49965e-05 14
0.000142961 1.57239e-05 15
0.000142961 1.64514e-05 9
0.000142961 1.71788e-05 7
0.000142961 1.79062e-05 4
0.000142961 1.86337e-05 6
