0.000160515 6.06512e-06 6
0.000160515 6.74268e-06 7
0.000160515 7.42024e-06 11
0.000160515 8.0978e-06 11
0.000160515 8.77536e-06 10
0.000160515 9.45291e-06 24
0.000160515 1.01305e-05 19
0.000160515 1.0808e-05 25
0.000160515 1.14856e-05 24
0.000160515 1.21632e-05 15
0.000160515 1.28407e-05 11
0.000160515 1.35183e-05 16
0.000160515 1.41958e-05 12
0.000160515 1.48734e-05 17
0.000160515 1.55509e-05 13
0.000160515 1.62285e-05 3
0.000160515 1.69061e-05 3
0.000160515 1.75836e-05 3
0.000160515 1.82612e-05 4
0.000160515 1.89387e-05 5
