2.53003e-06 2.28464e-06 17
2.53003e-06 3.01231e-06 14
2.53003e-06 3.73999e-06 17
2.53003e-06 4.46766e-06 24
2.53003e-06 5.19533e-06 28
2.53003e-06 5.92301e-06 15
2.53003e-06 6.65068e-06 9
2.53003e-06 7.37835e-06 9
2.53003e-06 8.10602e-06 8
2.53003e-06 8.8337e-06 6
2.53003e-06 9.56137e-06 0
2.53003e-06 1.0289e-05 0
2.53003e-06 1.10167e-05 1
2.53003e-06 1.17444e-05 0
2.53003e-06 1.24721e-05 1
2.53003e-06 1.31997e-05 0
2.53003e-06 1.39274e-05 1
2.53003e-06 1.46551e-05 0
2.53003e-06 1.53828e-05 0
2.53003e-06 1.61104e-05 1
